0 0 0 0 -0.175504 -0.017614 
0 0 6.5 1 -0.188621 0.241145 
10 0 0 2 0.214914 -0.0150919 
10 0 6.5 3 0.222222 0.248204 
10 10 0 4 0.3249 -0.150629 
10 10 6.5 5 0.346996 0.280554 
0 10 0 6 -0.307081 -0.15122 
0 10 6.5 7 -0.340302 0.267905 
0 5 10 8 -0.257233 0.441322 
10 5 10 9 0.275833 0.454939 
0 6 0 10 -0.238934 -0.0820229 
0 8 0 11 -0.269294 -0.112851 
0 8 5 12 -0.289279 0.16902 
0 6 5 13 -0.255281 0.172312 
0 2 2.5 14 -0.198844 0.0685888 
0 4 2.5 15 -0.220674 0.0564816 
0 4 5 16 -0.227653 0.174987 
0 2 5 17 -0.204757 0.177204 
0.5 0.5 -0.5 18 -0.159156 -0.0409281 
0.5 0.5 6 19 -0.171632 0.221018 
10.5 0.5 -0.5 20 0.237969 -0.0387474 
10.5 0.5 6 21 0.246645 0.227851 
10.5 10.5 -0.5 22 0.365801 -0.19321 
10.5 10.5 6 23 0.3923 0.246837 
0.5 10.5 -0.5 24 -0.283946 -0.192696 
0.5 10.5 6 25 -0.316063 0.23479 
0.5 5.5 9.5 26 -0.236652 0.419582 
10.5 5.5 9.5 27 0.308998 0.433016 
0.5 6.5 -0.5 28 -0.219004 -0.113715 
0.5 8.5 -0.5 29 -0.247854 -0.148801 
0.5 8.5 4.5 30 -0.267066 0.137947 
0.5 6.5 4.5 31 -0.234659 0.144595 
0.5 2.5 2 32 -0.18117 0.044334 
0.5 4.5 2 33 -0.201779 0.0297256 
0.5 4.5 4.5 34 -0.208446 0.149973 
0.5 2.5 4.5 35 -0.186806 0.154412 
