0 0 0 0 -0.709727 -0.601427 
0 0 6.5 1 -0.631499 -0.104761 
10 0 0 2 -0.206365 -0.444189 
10 0 6.5 3 -0.182416 -0.142044 
10 10 0 4 0.253136 -0.546489 
10 10 6.5 5 0.254724 -0.156707 
0 10 0 6 -0.0679042 -0.901629 
0 10 6.5 7 -0.0263869 -0.113634 
0 5 10 8 -0.358129 0.174021 
10 5 10 9 0.0180046 0.0196643 
0 6 0 10 -0.39757 -0.747433 
0 8 0 11 -0.24998 -0.816466 
0 8 5 12 -0.204662 -0.259995 
0 6 5 13 -0.344657 -0.244938 
0 2 2.5 14 -0.591199 -0.42469 
0 4 2.5 15 -0.489827 -0.452771 
0 4 5 16 -0.462173 -0.232299 
0 2 5 17 -0.562223 -0.221539 
0.5 0.5 -0.5 18 -0.654787 -0.639096 
0.5 0.5 6 19 -0.581426 -0.142953 
10.5 0.5 -0.5 20 -0.17538 -0.467752 
10.5 0.5 6 21 -0.15306 -0.165775 
10.5 10.5 -0.5 22 0.29023 -0.576163 
10.5 10.5 6 23 0.289498 -0.186699 
0.5 10.5 -0.5 24 0.0110375 -0.957433 
0.5 10.5 6 25 0.0427536 -0.171158 
0.5 5.5 9.5 26 -0.303015 0.128073 
10.5 5.5 9.5 27 0.0489239 -0.00687158 
0.5 6.5 -0.5 28 -0.330219 -0.794275 
0.5 8.5 -0.5 29 -0.177247 -0.867412 
0.5 8.5 4.5 30 -0.138552 -0.312096 
0.5 6.5 4.5 31 -0.283005 -0.292668 
0.5 2.5 2 32 -0.534888 -0.465346 
0.5 4.5 2 33 -0.429737 -0.496542 
0.5 4.5 4.5 34 -0.404457 -0.276334 
0.5 2.5 4.5 35 -0.507996 -0.262409 
