0 0 0 0 0.255525 -0.210157 
0 0 6.5 1 0.295845 0.163278 
10 0 0 2 -0.336013 -0.296617 
10 0 6.5 3 -0.328473 0.215751 
10 10 0 4 -0.414645 -0.101641 
10 10 6.5 5 -0.414016 0.203908 
0 10 0 6 -0.00501486 -0.0784287 
0 10 6.5 7 0.0113529 0.171666 
0 5 10 8 0.138308 0.341548 
10 5 10 9 -0.381159 0.434083 
0 6 0 10 0.0753354 -0.119053 
0 8 0 11 0.032311 -0.0973005 
0 8 5 12 0.0468853 0.106731 
0 6 5 13 0.0925303 0.100342 
0 2 2.5 14 0.19682 -0.0477421 
0 4 2.5 15 0.135548 -0.0279328 
0 4 5 16 0.146 0.0928568 
0 2 5 17 0.209494 0.0839689 
0.5 0.5 -0.5 18 0.21208 -0.230293 
0.5 0.5 6 19 0.249216 0.135841 
10.5 0.5 -0.5 20 -0.382401 -0.322061 
10.5 0.5 6 21 -0.378752 0.176638 
10.5 10.5 -0.5 22 -0.441597 -0.119439 
10.5 10.5 6 23 -0.442239 0.181228 
0.5 10.5 -0.5 24 -0.031506 -0.0933417 
0.5 10.5 6 25 -0.0163298 0.153473 
0.5 5.5 9.5 26 0.102402 0.316793 
10.5 5.5 9.5 27 -0.418537 0.400523 
0.5 6.5 -0.5 28 0.0438835 -0.135728 
0.5 8.5 -0.5 29 0.00354527 -0.113049 
0.5 8.5 4.5 30 0.0170512 0.0881402 
0.5 6.5 4.5 31 0.0598036 0.0803808 
0.5 2.5 2 32 0.157304 -0.0687916 
0.5 4.5 2 33 0.100124 -0.0474964 
0.5 4.5 4.5 34 0.109786 0.0713091 
0.5 2.5 4.5 35 0.169001 0.0605616 
