0 0 0 0 -0.580945 -0.28147 
0 0 6.5 1 -0.538347 0.32393 
10 0 0 2 -0.25085 -0.128935 
10 0 6.5 3 -0.22391 0.184892 
10 10 0 4 0.237317 -0.187144 
10 10 6.5 5 0.273531 0.142622 
0 10 0 6 0.367056 -0.414961 
0 10 6.5 7 0.445456 0.252695 
0 5 10 8 -0.0388927 0.648741 
10 5 10 9 0.0355933 0.341674 
0 6 0 10 -0.0354001 -0.35829 
0 8 0 11 0.161629 -0.386034 
0 8 5 12 0.215165 0.113497 
0 6 5 13 0.0122858 0.131451 
0 2 2.5 14 -0.387839 -0.0731227 
0 4 2.5 15 -0.20365 -0.0942855 
0 4 5 16 -0.182274 0.148668 
0 2 5 17 -0.369015 0.165193 
0.5 0.5 -0.5 18 -0.512616 -0.3166 
0.5 0.5 6 19 -0.469899 0.262019 
10.5 0.5 -0.5 20 -0.221753 -0.151 
10.5 0.5 6 21 -0.194983 0.155475 
10.5 10.5 -0.5 22 0.256597 -0.209 
10.5 10.5 6 23 0.292259 0.112656 
0.5 10.5 -0.5 24 0.399073 -0.447572 
0.5 10.5 6 25 0.474784 0.187642 
0.5 5.5 9.5 26 0.0114382 0.567927 
10.5 5.5 9.5 27 0.0595001 0.307626 
0.5 6.5 -0.5 28 0.013013 -0.392111 
0.5 8.5 -0.5 29 0.202195 -0.419289 
0.5 8.5 4.5 30 0.25423 0.0566003 
0.5 6.5 4.5 31 0.05967 0.0748858 
0.5 2.5 2 32 -0.325704 -0.118192 
0.5 4.5 2 33 -0.14832 -0.139308 
0.5 4.5 4.5 34 -0.127262 0.0924544 
0.5 2.5 4.5 35 -0.307007 0.109348 
