0 0 0 0 -0.180068 -0.0160852 
0 0 6.5 1 -0.194257 0.243415 
10 0 0 2 0.210553 -0.0113636 
10 0 6.5 3 0.216687 0.251692 
10 10 0 4 0.324758 -0.143592 
10 10 6.5 5 0.345159 0.287206 
0 10 0 6 -0.308149 -0.148662 
0 10 6.5 7 -0.342884 0.272658 
0 5 10 8 -0.262395 0.445178 
10 5 10 9 0.270869 0.459285 
0 6 0 10 -0.241752 -0.079934 
0 8 0 11 -0.271316 -0.110536 
0 8 5 12 -0.292357 0.172627 
0 6 5 13 -0.259082 0.175428 
0 2 2.5 14 -0.203334 0.0706274 
0 4 2.5 15 -0.224614 0.0587781 
0 4 5 16 -0.232063 0.177702 
0 2 5 17 -0.209688 0.179586 
0.5 0.5 -0.5 18 -0.163436 -0.0393031 
0.5 0.5 6 19 -0.176988 0.22337 
10.5 0.5 -0.5 20 0.233754 -0.0347903 
10.5 0.5 6 21 0.241233 0.231529 
10.5 10.5 -0.5 22 0.365947 -0.185635 
10.5 10.5 6 23 0.390688 0.253927 
0.5 10.5 -0.5 24 -0.284388 -0.190004 
0.5 10.5 6 25 -0.318003 0.239681 
0.5 5.5 9.5 26 -0.241414 0.423531 
10.5 5.5 9.5 27 0.304169 0.437586 
0.5 6.5 -0.5 28 -0.221386 -0.111507 
0.5 8.5 -0.5 29 -0.249358 -0.146359 
0.5 8.5 4.5 30 -0.269621 0.141677 
0.5 6.5 4.5 31 -0.238023 0.147823 
0.5 2.5 2 32 -0.185337 0.0464713 
0.5 4.5 2 33 -0.205347 0.0321289 
0.5 4.5 4.5 34 -0.212485 0.152789 
0.5 2.5 4.5 35 -0.191415 0.156887 
