0 0 0 0 0.396532 -0.64884 
0 0 6.5 1 0.356682 -0.112297 
10 0 0 2 -0.321666 -0.569219 
10 0 6.5 3 -0.297453 -0.129764 
10 10 0 4 -0.0818825 -0.426719 
10 10 6.5 5 -0.0786752 -0.156146 
0 10 0 6 0.353139 -0.4535 
0 10 6.5 7 0.332157 -0.149032 
0 5 10 8 0.327974 0.0516938 
10 5 10 9 -0.158729 0.0178118 
0 6 0 10 0.364986 -0.506834 
0 8 0 11 0.358496 -0.477615 
0 8 5 12 0.340396 -0.217543 
0 6 5 13 0.34473 -0.219154 
0 2 2.5 14 0.369472 -0.399952 
0 4 2.5 15 0.361173 -0.377177 
0 4 5 16 0.350029 -0.221124 
0 2 5 17 0.356657 -0.223588 
0.5 0.5 -0.5 18 0.353862 -0.671343 
0.5 0.5 6 19 0.319414 -0.152268 
10.5 0.5 -0.5 20 -0.333039 -0.590352 
10.5 0.5 6 21 -0.308683 -0.16265 
10.5 10.5 -0.5 22 -0.0938511 -0.442751 
10.5 10.5 6 23 -0.0901142 -0.176654 
0.5 10.5 -0.5 24 0.32967 -0.470901 
0.5 10.5 6 25 0.310442 -0.172095 
0.5 5.5 9.5 26 0.301865 0.0185761 
10.5 5.5 9.5 27 -0.170404 -0.0104246 
0.5 6.5 -0.5 28 0.33636 -0.526335 
0.5 8.5 -0.5 29 0.332703 -0.496033 
0.5 8.5 4.5 30 0.316247 -0.241337 
0.5 6.5 4.5 31 0.31811 -0.245227 
0.5 2.5 2 32 0.33447 -0.427306 
0.5 4.5 2 33 0.330316 -0.40217 
0.5 4.5 4.5 34 0.320377 -0.249959 
0.5 2.5 4.5 35 0.323192 -0.255838 
