0 0 0 0 -0.0749779 -0.0358878 
0 0 6.5 1 -0.0628015 0.215536 
10 0 0 2 0.321201 -0.0842514 
10 0 6.5 3 0.353146 0.196867 
10 10 0 4 0.325405 -0.236636 
10 10 6.5 5 0.380865 0.236374 
0 10 0 6 -0.292883 -0.135534 
0 10 6.5 7 -0.287647 0.259055 
0 5 10 8 -0.143223 0.410805 
10 5 10 9 0.387165 0.418809 
0 6 0 10 -0.181835 -0.0847525 
0 8 0 11 -0.231777 -0.107591 
0 8 5 12 -0.225526 0.16129 
0 6 5 13 -0.174182 0.159497 
0 2 2.5 14 -0.100665 0.0518508 
0 4 2.5 15 -0.136076 0.0441339 
0 4 5 16 -0.131746 0.158016 
0 2 5 17 -0.0960863 0.156771 
0.5 0.5 -0.5 18 -0.0649995 -0.0603187 
0.5 0.5 6 19 -0.0521439 0.195518 
10.5 0.5 -0.5 20 0.341657 -0.112844 
10.5 0.5 6 21 0.375346 0.173791 
10.5 10.5 -0.5 22 0.360324 -0.291249 
10.5 10.5 6 23 0.421053 0.197529 
0.5 10.5 -0.5 24 -0.284274 -0.177324 
0.5 10.5 6 25 -0.278275 0.228226 
0.5 5.5 9.5 26 -0.131888 0.39073 
10.5 5.5 9.5 27 0.417499 0.395552 
0.5 6.5 -0.5 28 -0.171889 -0.117355 
0.5 8.5 -0.5 29 -0.222267 -0.144237 
0.5 8.5 4.5 30 -0.215392 0.13122 
0.5 6.5 4.5 31 -0.163616 0.132313 
0.5 2.5 2 32 -0.0903012 0.0270421 
0.5 4.5 2 33 -0.125684 0.0169683 
0.5 4.5 4.5 34 -0.121051 0.133213 
0.5 2.5 4.5 35 -0.0854386 0.133965 
