0 0 0 0 -0.54323 -0.298279 
0 0 6.5 1 -0.512315 0.322796 
10 0 0 2 -0.252062 -0.118251 
10 0 6.5 3 -0.228986 0.199786 
10 10 0 4 0.236188 -0.168933 
10 10 6.5 5 0.272749 0.156245 
0 10 0 6 0.409588 -0.408006 
0 10 6.5 7 0.493285 0.240865 
0 5 10 8 0.00984883 0.652912 
10 5 10 9 0.035195 0.358482 
0 6 0 10 0.0169287 -0.362787 
0 8 0 11 0.211258 -0.385166 
0 8 5 12 0.266182 0.103558 
0 6 5 13 0.0635226 0.121704 
0 2 2.5 14 -0.345049 -0.0858036 
0 4 2.5 15 -0.154598 -0.105341 
0 4 5 16 -0.134929 0.139473 
0 2 5 17 -0.329304 0.156877 
0.5 0.5 -0.5 18 -0.475286 -0.330026 
0.5 0.5 6 19 -0.442565 0.259698 
10.5 0.5 -0.5 20 -0.223187 -0.139395 
10.5 0.5 6 21 -0.199961 0.170222 
10.5 10.5 -0.5 22 0.253675 -0.189353 
10.5 10.5 6 23 0.289754 0.127021 
0.5 10.5 -0.5 24 0.435098 -0.436038 
0.5 10.5 6 25 0.515869 0.178654 
0.5 5.5 9.5 26 0.0569136 0.569763 
10.5 5.5 9.5 27 0.0582679 0.32408 
0.5 6.5 -0.5 28 0.0604446 -0.392411 
0.5 8.5 -0.5 29 0.245953 -0.414012 
0.5 8.5 4.5 30 0.299495 0.0494697 
0.5 6.5 4.5 31 0.106412 0.0672678 
0.5 2.5 2 32 -0.284539 -0.128434 
0.5 4.5 2 33 -0.102551 -0.147457 
0.5 4.5 4.5 34 -0.0828567 0.0847144 
0.5 2.5 4.5 35 -0.268423 0.10182 
