0 0 0 0 -0.207952 -0.0106259 
0 0 6.5 1 -0.228272 0.25345 
10 0 0 2 0.184113 0.00649106 
10 0 6.5 3 0.183249 0.268069 
10 10 0 4 0.322777 -0.10504 
10 10 6.5 5 0.332689 0.323267 
0 10 0 6 -0.315017 -0.135227 
0 10 6.5 7 -0.35825 0.299799 
0 5 10 8 -0.293247 0.4652 
10 5 10 9 0.240448 0.480659 
0 6 0 10 -0.259198 -0.0702663 
0 8 0 11 -0.283968 -0.0990924 
0 8 5 12 -0.310992 0.192227 
0 6 5 13 -0.282122 0.191562 
0 2 2.5 14 -0.230681 0.079522 
0 4 2.5 15 -0.248668 0.0695316 
0 4 5 16 -0.258794 0.191025 
0 2 5 17 -0.23955 0.190582 
0.5 0.5 -0.5 18 -0.189619 -0.0332695 
0.5 0.5 6 19 -0.209344 0.233933 
10.5 0.5 -0.5 20 0.208179 -0.0156156 
10.5 0.5 6 21 0.2085 0.249035 
10.5 10.5 -0.5 22 0.365621 -0.144 
10.5 10.5 6 23 0.379404 0.292581 
0.5 10.5 -0.5 24 -0.287487 -0.175749 
0.5 10.5 6 25 -0.329546 0.267785 
0.5 5.5 9.5 26 -0.269907 0.444188 
10.5 5.5 9.5 27 0.274471 0.460318 
0.5 6.5 -0.5 28 -0.236225 -0.101119 
0.5 8.5 -0.5 29 -0.258908 -0.134142 
0.5 8.5 4.5 30 -0.285147 0.162098 
0.5 6.5 4.5 31 -0.258467 0.164685 
0.5 2.5 2 32 -0.210761 0.0559758 
0.5 4.5 2 33 -0.22718 0.0435476 
0.5 4.5 4.5 34 -0.237006 0.166766 
0.5 2.5 4.5 35 -0.219369 0.168477 
