0 0 0 0 -0.311443 -0.169508 
0 0 6.5 1 -0.344201 0.11031 
10 0 0 2 0.0869417 -0.108896 
10 0 6.5 3 0.0647672 0.140561 
10 10 0 4 0.314276 -0.194643 
10 10 6.5 5 0.28525 0.2001 
0 10 0 6 -0.31403 -0.315569 
0 10 6.5 7 -0.370482 0.161003 
0 5 10 8 -0.377044 0.326117 
10 5 10 9 0.135726 0.333603 
0 6 0 10 -0.312657 -0.238033 
0 8 0 11 -0.313259 -0.272056 
0 8 5 12 -0.350941 0.0471741 
0 6 5 13 -0.346135 0.0463729 
0 2 2.5 14 -0.325351 -0.0724706 
0 4 2.5 15 -0.327098 -0.083624 
0 4 5 16 -0.342292 0.045732 
0 2 5 17 -0.339148 0.0452078 
0.5 0.5 -0.5 18 -0.286335 -0.191804 
0.5 0.5 6 19 -0.319031 0.0912926 
10.5 0.5 -0.5 20 0.11386 -0.128001 
10.5 0.5 6 21 0.0918964 0.12406 
10.5 10.5 -0.5 22 0.361161 -0.22653 
10.5 10.5 6 23 0.332904 0.174773 
0.5 10.5 -0.5 24 -0.271082 -0.357018 
0.5 10.5 6 25 -0.327361 0.129134 
0.5 5.5 9.5 26 -0.345218 0.305337 
10.5 5.5 9.5 27 0.170575 0.315874 
0.5 6.5 -0.5 28 -0.279214 -0.268939 
0.5 8.5 -0.5 29 -0.275655 -0.307483 
0.5 8.5 4.5 30 -0.313229 0.0173166 
0.5 6.5 4.5 31 -0.312607 0.0198806 
0.5 2.5 2 32 -0.297938 -0.095599 
0.5 4.5 2 33 -0.296951 -0.109259 
0.5 4.5 4.5 34 -0.312111 0.0219232 
0.5 2.5 4.5 35 -0.311707 0.0235888 
