0 0 0 0 0.291335 -0.378151 
0 0 6.5 1 0.256502 -0.0348489 
10 0 0 2 0.520348 -0.624235 
10 0 6.5 3 0.427359 0.0844272 
10 10 0 4 -0.55052 -0.652272 
10 10 6.5 5 -0.534048 0.0110627 
0 10 0 6 -0.229915 -0.40115 
0 10 6.5 7 -0.23741 -0.0687949 
0 5 10 8 -0.00516232 0.115849 
10 5 10 9 -0.0859669 0.361725 
0 6 0 10 -0.0261264 -0.392159 
0 8 0 11 -0.128782 -0.396688 
0 8 5 12 -0.138628 -0.136358 
0 6 5 13 -0.0401025 -0.130124 
0 2 2.5 14 0.17236 -0.247419 
0 4 2.5 15 0.0687879 -0.253 
0 4 5 16 0.0598585 -0.123799 
0 2 5 17 0.161287 -0.117382 
0.5 0.5 -0.5 18 0.271984 -0.414071 
0.5 0.5 6 19 0.237216 -0.0593098 
10.5 0.5 -0.5 20 0.492887 -0.71807 
10.5 0.5 6 21 0.397608 0.0411527 
10.5 10.5 -0.5 22 -0.638754 -0.740303 
10.5 10.5 6 23 -0.612463 -0.0329995 
0.5 10.5 -0.5 24 -0.263249 -0.43635 
0.5 10.5 6 25 -0.26923 -0.0932801 
0.5 5.5 9.5 26 -0.0305174 0.0964965 
10.5 5.5 9.5 27 -0.139694 0.336661 
0.5 6.5 -0.5 28 -0.0541324 -0.427646 
0.5 8.5 -0.5 29 -0.159495 -0.432031 
0.5 8.5 4.5 30 -0.16837 -0.163165 
0.5 6.5 4.5 31 -0.067355 -0.156959 
0.5 2.5 2 32 0.150173 -0.278578 
0.5 4.5 2 33 0.0438391 -0.284078 
0.5 4.5 4.5 34 0.0351729 -0.15066 
0.5 2.5 4.5 35 0.139248 -0.144266 
