0 0 0 0 0.25689 -0.239467 
0 0 6.5 1 0.299714 0.137128 
10 0 0 2 -0.349961 -0.304567 
10 0 6.5 3 -0.333214 0.196763 
10 10 0 4 -0.395895 -0.11429 
10 10 6.5 5 -0.387991 0.183142 
0 10 0 6 0.0115904 -0.101871 
0 10 6.5 7 0.0313988 0.146735 
0 5 10 8 0.152865 0.314199 
10 5 10 9 -0.361614 0.404811 
0 6 0 10 0.0864912 -0.143885 
0 8 0 11 0.0463027 -0.121342 
0 8 5 12 0.0634858 0.0822024 
0 6 5 13 0.106225 0.0755284 
0 2 2.5 14 0.20277 -0.0738632 
0 4 2.5 15 0.144861 -0.0531409 
0 4 5 16 0.156514 0.0676755 
0 2 5 17 0.216545 0.0583012 
0.5 0.5 -0.5 18 0.212948 -0.258751 
0.5 0.5 6 19 0.252847 0.110162 
10.5 0.5 -0.5 20 -0.394112 -0.328449 
10.5 0.5 6 21 -0.380658 0.159351 
10.5 10.5 -0.5 22 -0.421758 -0.131169 
10.5 10.5 6 23 -0.414955 0.161468 
0.5 10.5 -0.5 24 -0.0147788 -0.116215 
0.5 10.5 6 25 0.00395353 0.129031 
0.5 5.5 9.5 26 0.117186 0.289898 
10.5 5.5 9.5 27 -0.397036 0.372713 
0.5 6.5 -0.5 28 0.0550378 -0.159914 
0.5 8.5 -0.5 29 0.0176082 -0.136486 
0.5 8.5 4.5 30 0.0338234 0.0641282 
0.5 6.5 4.5 31 0.0736137 0.0560969 
0.5 2.5 2 32 0.163068 -0.0942648 
0.5 4.5 2 33 0.109395 -0.072092 
0.5 4.5 4.5 34 0.12033 0.0466676 
0.5 2.5 4.5 35 0.175952 0.0354407 
