0 0 0 0 0.399608 -0.630758 
0 0 6.5 1 0.356217 -0.0928168 
10 0 0 2 -0.314345 -0.553464 
10 0 6.5 3 -0.293598 -0.118468 
10 10 0 4 -0.0700037 -0.41702 
10 10 6.5 5 -0.0690704 -0.147587 
0 10 0 6 0.365598 -0.441887 
0 10 6.5 7 0.342008 -0.136263 
0 5 10 8 0.33254 0.0675422 
10 5 10 9 -0.15293 0.026541 
0 6 0 10 0.374883 -0.49345 
0 8 0 11 0.369797 -0.465202 
0 8 5 12 0.349533 -0.204175 
0 6 5 13 0.35232 -0.204767 
0 2 2.5 14 0.374072 -0.383278 
0 4 2.5 15 0.368065 -0.362045 
0 4 5 16 0.355727 -0.205491 
0 2 5 17 0.359989 -0.206396 
0.5 0.5 -0.5 18 0.357703 -0.653983 
0.5 0.5 6 19 0.319807 -0.133888 
10.5 0.5 -0.5 20 -0.324608 -0.574868 
10.5 0.5 6 21 -0.303713 -0.151585 
10.5 10.5 -0.5 22 -0.0814709 -0.433201 
10.5 10.5 6 23 -0.0799928 -0.168284 
0.5 10.5 -0.5 24 0.342363 -0.459646 
0.5 10.5 6 25 0.320581 -0.159824 
0.5 5.5 9.5 26 0.306927 0.0336372 
10.5 5.5 9.5 27 -0.163866 -0.00192683 
0.5 6.5 -0.5 28 0.346606 -0.513401 
0.5 8.5 -0.5 29 0.344286 -0.484017 
0.5 8.5 4.5 30 0.325717 -0.228499 
0.5 6.5 4.5 31 0.326105 -0.231447 
0.5 2.5 2 32 0.339678 -0.411363 
0.5 4.5 2 33 0.337682 -0.387657 
0.5 4.5 4.5 34 0.326578 -0.235033 
0.5 2.5 4.5 35 0.327166 -0.239487 
