0 0 0 0 -0.166481 -0.0208631 
0 0 6.5 1 -0.177429 0.236475 
10 0 0 2 0.223594 -0.0228292 
10 0 6.5 3 0.233241 0.240993 
10 10 0 4 0.325048 -0.164642 
10 10 6.5 5 0.350471 0.267433 
0 10 0 6 -0.305072 -0.156083 
0 10 6.5 7 -0.335212 0.258849 
0 5 10 8 -0.24697 0.43369 
10 5 10 9 0.285649 0.446153 
0 6 0 10 -0.233423 -0.0861767 
0 8 0 11 -0.265378 -0.117354 
0 8 5 12 -0.283218 0.16206 
0 6 5 13 -0.247776 0.166203 
0 2 2.5 14 -0.189967 0.064419 
0 4 2.5 15 -0.2129 0.0518751 
0 4 5 16 -0.218927 0.169576 
0 2 5 17 -0.194987 0.172374 
0.5 0.5 -0.5 18 -0.150699 -0.0443652 
0.5 0.5 6 19 -0.161 0.216196 
10.5 0.5 -0.5 20 0.246359 -0.0469454 
10.5 0.5 6 21 0.257418 0.220266 
10.5 10.5 -0.5 22 0.365366 -0.208309 
10.5 10.5 6 23 0.395312 0.232853 
0.5 10.5 -0.5 24 -0.283187 -0.197813 
0.5 10.5 6 25 -0.312257 0.225492 
0.5 5.5 9.5 26 -0.227191 0.41179 
10.5 5.5 9.5 27 0.318535 0.423796 
0.5 6.5 -0.5 28 -0.214361 -0.118099 
0.5 8.5 -0.5 29 -0.244969 -0.153548 
0.5 8.5 4.5 30 -0.262049 0.130764 
0.5 6.5 4.5 31 -0.228028 0.138282 
0.5 2.5 2 32 -0.172937 0.0399757 
0.5 4.5 2 33 -0.19475 0.0249163 
0.5 4.5 4.5 34 -0.200464 0.144373 
0.5 2.5 4.5 35 -0.177678 0.149409 
