0 0 0 0 0.25459 -0.494786 
0 0 6.5 1 0.200171 0.124998 
10 0 0 2 -0.224622 -0.306945 
10 0 6.5 3 -0.264266 0.0547826 
10 10 0 4 0.135924 -0.181674 
10 10 6.5 5 0.111639 0.0820784 
0 10 0 6 0.584462 -0.24224 
0 10 6.5 7 0.55747 0.136485 
0 5 10 8 0.402656 0.394064 
10 5 10 9 -0.0630292 0.238521 
0 6 0 10 0.489014 -0.315313 
0 8 0 11 0.540767 -0.275692 
0 8 5 12 0.517671 0.0388067 
0 6 5 13 0.462916 0.0280135 
0 2 2.5 14 0.333135 -0.213309 
0 4 2.5 15 0.411926 -0.17567 
0 4 5 16 0.39684 0.0149885 
0 2 5 17 0.315525 -0.00104042 
0.5 0.5 -0.5 18 0.245381 -0.503759 
0.5 0.5 6 19 0.194341 0.074417 
10.5 0.5 -0.5 20 -0.211434 -0.319685 
10.5 0.5 6 21 -0.249288 0.0274653 
10.5 10.5 -0.5 22 0.135259 -0.194655 
10.5 10.5 6 23 0.111673 0.0612635 
0.5 10.5 -0.5 24 0.565267 -0.258139 
0.5 10.5 6 25 0.539065 0.104639 
0.5 5.5 9.5 26 0.387677 0.340991 
10.5 5.5 9.5 27 -0.057077 0.209022 
0.5 6.5 -0.5 28 0.471016 -0.330509 
0.5 8.5 -0.5 29 0.521945 -0.291404 
0.5 8.5 4.5 30 0.499613 0.00884551 
0.5 6.5 4.5 31 0.445909 -0.00409442 
0.5 2.5 2 32 0.32023 -0.237887 
0.5 4.5 2 33 0.396107 -0.199853 
0.5 4.5 4.5 34 0.381691 -0.0195674 
0.5 2.5 4.5 35 0.30354 -0.0383978 
