0 0 0 0 0.168949 -0.403386 
0 0 6.5 1 0.165086 -0.107872 
10 0 0 2 0.658803 -0.535455 
10 0 6.5 3 0.611312 -0.0641292 
10 10 0 4 0.0639983 -0.720165 
10 10 6.5 5 0.0683868 0.0237646 
0 10 0 6 -0.28197 -0.456314 
0 10 6.5 7 -0.255423 -0.0728592 
0 5 10 8 -0.0152124 0.0708073 
10 5 10 9 0.380924 0.234958 
0 6 0 10 -0.0720568 -0.431675 
0 8 0 11 -0.170952 -0.443283 
0 8 5 12 -0.157066 -0.160577 
0 6 5 13 -0.0637344 -0.164218 
0 2 2.5 14 0.0965546 -0.288442 
0 4 2.5 15 0.0185349 -0.291361 
0 4 5 16 0.0203825 -0.1675 
0 2 5 17 0.096585 -0.170473 
0.5 0.5 -0.5 18 0.167169 -0.434652 
0.5 0.5 6 19 0.163275 -0.127243 
10.5 0.5 -0.5 20 0.685164 -0.594785 
10.5 0.5 6 21 0.632733 -0.0924978 
10.5 10.5 -0.5 22 0.0486637 -0.83744 
10.5 10.5 6 23 0.0555815 -0.013328 
0.5 10.5 -0.5 24 -0.305974 -0.500164 
0.5 10.5 6 25 -0.276493 -0.0964397 
0.5 5.5 9.5 26 -0.023946 0.0563437 
10.5 5.5 9.5 27 0.391174 0.221004 
0.5 6.5 -0.5 28 -0.0843954 -0.469484 
0.5 8.5 -0.5 29 -0.188497 -0.483898 
0.5 8.5 4.5 30 -0.173074 -0.186937 
0.5 6.5 4.5 31 -0.0751083 -0.189301 
0.5 2.5 2 32 0.0920277 -0.316246 
0.5 4.5 2 33 0.010707 -0.320739 
0.5 4.5 4.5 34 0.0128145 -0.191423 
0.5 2.5 4.5 35 0.0921633 -0.193337 
