0 0 0 0 0.0967504 -0.299111 
0 0 6.5 1 0.0558517 0.369258 
10 0 0 2 -0.241046 -0.121494 
10 0 6.5 3 -0.279757 0.237804 
10 10 0 4 0.16477 -0.037723 
10 10 6.5 5 0.150984 0.241505 
0 10 0 6 0.606447 -0.108715 
0 10 6.5 7 0.612069 0.327019 
0 5 10 8 0.391109 0.66199 
10 5 10 9 -0.0496524 0.420959 
0 6 0 10 0.451425 -0.166623 
0 8 0 11 0.534669 -0.135528 
0 8 5 12 0.535631 0.219254 
0 6 5 13 0.4479 0.216347 
0 2 2.5 14 0.228566 -0.0261667 
0 4 2.5 15 0.349016 -0.00115846 
0 4 5 16 0.344022 0.212904 
0 2 5 17 0.219091 0.208764 
0.5 0.5 -0.5 18 0.106865 -0.314084 
0.5 0.5 6 19 0.0699707 0.302417 
10.5 0.5 -0.5 20 -0.222104 -0.136908 
10.5 0.5 6 21 -0.258295 0.206874 
10.5 10.5 -0.5 22 0.16716 -0.0523719 
10.5 10.5 6 23 0.153904 0.217405 
0.5 10.5 -0.5 24 0.589508 -0.127638 
0.5 10.5 6 25 0.593855 0.285499 
0.5 5.5 9.5 26 0.381897 0.588941 
10.5 5.5 9.5 27 -0.0389156 0.386576 
0.5 6.5 -0.5 28 0.440235 -0.185302 
0.5 8.5 -0.5 29 0.520117 -0.154444 
0.5 8.5 4.5 30 0.520331 0.180902 
0.5 6.5 4.5 31 0.436328 0.175109 
0.5 2.5 2 32 0.229482 -0.0579651 
0.5 4.5 2 33 0.34268 -0.0317751 
0.5 4.5 4.5 34 0.337814 0.168316 
0.5 2.5 4.5 35 0.220671 0.160237 
