0 0 0 0 0.279427 -0.519599 
0 0 6.5 1 0.222003 0.095966 
10 0 0 2 -0.223375 -0.336208 
10 0 6.5 3 -0.262154 0.0284277 
10 10 0 4 0.129738 -0.205532 
10 10 6.5 5 0.104399 0.0570135 
0 10 0 6 0.579172 -0.262176 
0 10 6.5 7 0.547735 0.109442 
0 5 10 8 0.403298 0.358762 
10 5 10 9 -0.0654814 0.211536 
0 6 0 10 0.493176 -0.33603 
0 8 0 11 0.539877 -0.295922 
0 8 5 12 0.513328 0.0137703 
0 6 5 13 0.463676 0.00275205 
0 2 2.5 14 0.34841 -0.236789 
0 4 2.5 15 0.420253 -0.19847 
0 4 5 16 0.403586 -0.0105823 
0 2 5 17 0.32938 -0.027049 
0.5 0.5 -0.5 18 0.267086 -0.528768 
0.5 0.5 6 19 0.213202 0.0466496 
10.5 0.5 -0.5 20 -0.21129 -0.348945 
10.5 0.5 6 21 -0.248429 0.0012199 
10.5 10.5 -0.5 22 0.128514 -0.218504 
10.5 10.5 6 23 0.10389 0.0364562 
0.5 10.5 -0.5 24 0.559653 -0.278054 
0.5 10.5 6 25 0.529287 0.0785462 
0.5 5.5 9.5 26 0.387512 0.307842 
10.5 5.5 9.5 27 -0.0604273 0.182471 
0.5 6.5 -0.5 28 0.474169 -0.351309 
0.5 8.5 -0.5 29 0.520435 -0.311662 
0.5 8.5 4.5 30 0.494879 -0.015483 
0.5 6.5 4.5 31 0.445895 -0.0286328 
0.5 2.5 2 32 0.33341 -0.261198 
0.5 4.5 2 33 0.403034 -0.222435 
0.5 4.5 4.5 34 0.387149 -0.0444036 
0.5 2.5 4.5 35 0.315397 -0.0636656 
