0 0 0 0 -0.475455 -0.442201 
0 0 6.5 1 -0.478072 -0.0900088 
10 0 0 2 -0.0292029 -0.344099 
10 0 6.5 3 -0.0468214 -0.0777235 
10 10 0 4 0.314043 -0.417979 
10 10 6.5 5 0.270792 -0.0253515 
0 10 0 6 -0.277038 -0.63187 
0 10 6.5 7 -0.296872 -0.0190573 
0 5 10 8 -0.414575 0.15647 
10 5 10 9 0.0688474 0.103796 
0 6 0 10 -0.384073 -0.529554 
0 8 0 11 -0.337592 -0.573986 
0 8 5 12 -0.347972 -0.156832 
0 6 5 13 -0.391105 -0.160684 
0 2 2.5 14 -0.452358 -0.313103 
0 4 2.5 15 -0.42331 -0.325475 
0 4 5 16 -0.42564 -0.163768 
0 2 5 17 -0.453914 -0.166293 
0.5 0.5 -0.5 18 -0.439817 -0.469767 
0.5 0.5 6 19 -0.444099 -0.113176 
10.5 0.5 -0.5 20 0.000876356 -0.364245 
10.5 0.5 6 21 -0.0179213 -0.0953515 
10.5 10.5 -0.5 22 0.362448 -0.448764 
10.5 10.5 6 23 0.31627 -0.0506446 
0.5 10.5 -0.5 24 -0.210711 -0.68377 
0.5 10.5 6 25 -0.236069 -0.0575697 
0.5 5.5 9.5 26 -0.372324 0.130806 
10.5 5.5 9.5 27 0.103349 0.0847407 
0.5 6.5 -0.5 28 -0.334703 -0.567951 
0.5 8.5 -0.5 29 -0.280975 -0.618138 
0.5 8.5 4.5 30 -0.294547 -0.192969 
0.5 6.5 4.5 31 -0.344183 -0.192818 
0.5 2.5 2 32 -0.413873 -0.341402 
0.5 4.5 2 33 -0.380542 -0.356824 
0.5 4.5 4.5 34 -0.383818 -0.192698 
0.5 2.5 4.5 35 -0.416197 -0.1926 
