0 0 0 0 0.37323 -0.687351 
0 0 6.5 1 0.351614 -0.165823 
10 0 0 2 -0.353815 -0.60717 
10 0 6.5 3 -0.315168 -0.153049 
10 10 0 4 -0.136632 -0.444539 
10 10 6.5 5 -0.123369 -0.171112 
0 10 0 6 0.293547 -0.476571 
0 10 6.5 7 0.285022 -0.180062 
0 5 10 8 0.303597 0.00861569 
10 5 10 9 -0.186309 0.00295356 
0 6 0 10 0.315405 -0.534391 
0 8 0 11 0.30344 -0.50274 
0 8 5 12 0.295754 -0.249744 
0 6 5 13 0.306361 -0.254641 
0 2 2.5 14 0.341954 -0.439808 
0 4 2.5 15 0.324589 -0.412609 
0 4 5 16 0.319314 -0.260621 
0 2 5 17 0.335487 -0.268087 
0.5 0.5 -0.5 18 0.328093 -0.707491 
0.5 0.5 6 19 0.311121 -0.201584 
10.5 0.5 -0.5 20 -0.370138 -0.627396 
10.5 0.5 6 21 -0.331374 -0.185125 
10.5 10.5 -0.5 22 -0.150776 -0.459995 
10.5 10.5 6 23 -0.137076 -0.190882 
0.5 10.5 -0.5 24 0.269218 -0.492604 
0.5 10.5 6 25 0.262128 -0.201168 
0.5 5.5 9.5 26 0.275468 -0.0214491 
10.5 5.5 9.5 27 -0.201251 -0.0244366 
0.5 6.5 -0.5 28 0.285555 -0.552234 
0.5 8.5 -0.5 29 0.27663 -0.519657 
0.5 8.5 4.5 30 0.270294 -0.271469 
0.5 6.5 4.5 31 0.278172 -0.278358 
0.5 2.5 2 32 0.304788 -0.46445 
0.5 4.5 2 33 0.292008 -0.435272 
0.5 4.5 4.5 34 0.287746 -0.286731 
0.5 2.5 4.5 35 0.299629 -0.297123 
