0 0 0 0 0.384643 -0.49507 
0 0 6.5 1 0.315654 0.0810545 
10 0 0 2 -0.245744 -0.411585 
10 0 6.5 3 -0.266206 -0.0201351 
10 10 0 4 0.0586612 -0.293249 
10 10 6.5 5 0.0361416 -0.0328845 
0 10 0 6 0.503199 -0.307872 
0 10 6.5 7 0.458447 0.0229996 
0 5 10 8 0.37838 0.255188 
10 5 10 9 -0.0971834 0.131919 
0 6 0 10 0.470532 -0.359452 
0 8 0 11 0.4884 -0.331239 
0 8 5 12 0.450979 -0.0504692 
0 6 5 13 0.429966 -0.0495923 
0 2 2.5 14 0.395928 -0.238374 
0 4 2.5 15 0.425977 -0.21804 
0 4 5 16 0.404274 -0.0485202 
0 2 5 17 0.372142 -0.0471794 
0.5 0.5 -0.5 18 0.355428 -0.518372 
0.5 0.5 6 19 0.291662 0.0298923 
10.5 0.5 -0.5 20 -0.242479 -0.430596 
10.5 0.5 6 21 -0.262351 -0.0522044 
10.5 10.5 -0.5 22 0.0533099 -0.308968 
10.5 10.5 6 23 0.0314829 -0.0544376 
0.5 10.5 -0.5 24 0.482403 -0.327376 
0.5 10.5 6 25 0.439745 -0.00586782 
0.5 5.5 9.5 26 0.358499 0.211294 
10.5 5.5 9.5 27 -0.0988724 0.102097 
0.5 6.5 -0.5 28 0.44682 -0.380901 
0.5 8.5 -0.5 29 0.466226 -0.35171 
0.5 8.5 4.5 30 0.430712 -0.0796877 
0.5 6.5 4.5 31 0.408511 -0.0816637 
0.5 2.5 2 32 0.370362 -0.270215 
0.5 4.5 2 33 0.401955 -0.247253 
0.5 4.5 4.5 34 0.381565 -0.084062 
0.5 2.5 4.5 35 0.348171 -0.0870342 
