0 0 0 0 -0.59348 -0.47852 
0 0 6.5 1 -0.556282 -0.0692158 
10 0 0 2 -0.114929 -0.384844 
10 0 6.5 3 -0.113814 -0.102964 
10 10 0 4 0.287886 -0.450308 
10 10 6.5 5 0.260664 -0.0597254 
0 10 0 6 -0.212848 -0.662354 
0 10 6.5 7 -0.198419 0.0251611 
0 5 10 8 -0.404545 0.205685 
10 5 10 9 0.0399263 0.0757706 
0 6 0 10 -0.415694 -0.564385 
0 8 0 11 -0.326904 -0.607268 
0 8 5 12 -0.307118 -0.129919 
0 6 5 13 -0.391174 -0.13915 
0 2 2.5 14 -0.530239 -0.321736 
0 4 2.5 15 -0.472714 -0.331507 
0 4 5 16 -0.459623 -0.146667 
0 2 5 17 -0.516444 -0.152907 
0.5 0.5 -0.5 18 -0.550309 -0.511188 
0.5 0.5 6 19 -0.5162 -0.0979668 
10.5 0.5 -0.5 20 -0.0841549 -0.406916 
10.5 0.5 6 21 -0.0846456 -0.123171 
10.5 10.5 -0.5 22 0.332438 -0.481429 
10.5 10.5 6 23 0.301931 -0.0872658 
0.5 10.5 -0.5 24 -0.13621 -0.719648 
0.5 10.5 6 25 -0.13102 -0.0211215 
0.5 5.5 9.5 26 -0.356585 0.172917 
10.5 5.5 9.5 27 0.0730242 0.0536484 
0.5 6.5 -0.5 28 -0.357178 -0.608411 
0.5 8.5 -0.5 29 -0.260537 -0.657061 
0.5 8.5 4.5 30 -0.246302 -0.172911 
0.5 6.5 4.5 31 -0.337015 -0.177766 
0.5 2.5 2 32 -0.48442 -0.355566 
0.5 4.5 2 33 -0.422209 -0.368648 
0.5 4.5 4.5 34 -0.410813 -0.181715 
0.5 2.5 4.5 35 -0.472022 -0.184991 
