0 0 0 0 -0.123565 -0.033863 
0 0 6.5 1 -0.123553 0.218511 
10 0 0 2 0.266792 -0.0588148 
10 0 6.5 3 0.287655 0.209831 
10 10 0 4 0.324497 -0.220315 
10 10 6.5 5 0.365247 0.222196 
0 10 0 6 -0.298017 -0.165036 
0 10 6.5 7 -0.312172 0.235011 
0 5 10 8 -0.197808 0.407845 
10 5 10 9 0.332921 0.413761 
0 6 0 10 -0.208519 -0.0977416 
0 8 0 11 -0.248615 -0.12789 
0 8 5 12 -0.255433 0.14308 
0 6 5 13 -0.212689 0.147935 
0 2 2.5 14 -0.14787 0.0496461 
0 4 2.5 15 -0.176455 0.0371055 
0 4 5 16 -0.177634 0.151917 
0 2 5 17 -0.148364 0.155242 
0.5 0.5 -0.5 18 -0.110548 -0.0581054 
0.5 0.5 6 19 -0.109874 0.197844 
10.5 0.5 -0.5 20 0.288242 -0.0851765 
10.5 0.5 6 21 0.310699 0.187515 
10.5 10.5 -0.5 22 0.362049 -0.269384 
10.5 10.5 6 23 0.407769 0.184101 
0.5 10.5 -0.5 24 -0.28228 -0.20755 
0.5 10.5 6 25 -0.29556 0.201487 
0.5 5.5 9.5 26 -0.182006 0.385864 
10.5 5.5 9.5 27 0.364448 0.389881 
0.5 6.5 -0.5 28 -0.193724 -0.130487 
0.5 8.5 -0.5 29 -0.233279 -0.164908 
0.5 8.5 4.5 30 -0.239422 0.111386 
0.5 6.5 4.5 31 -0.19725 0.119569 
0.5 2.5 2 32 -0.133998 0.0245764 
0.5 4.5 2 33 -0.16196 0.00950915 
0.5 4.5 4.5 34 -0.162833 0.126248 
0.5 2.5 4.5 35 -0.134212 0.131802 
