0 0 0 0 0.335303 -0.608648 
0 0 6.5 1 0.337132 -0.126847 
10 0 0 2 -0.378835 -0.545034 
10 0 6.5 3 -0.328376 -0.0902724 
10 10 0 4 -0.197951 -0.390916 
10 10 6.5 5 -0.174733 -0.120334 
0 10 0 6 0.221507 -0.423027 
0 10 6.5 7 0.227468 -0.143076 
0 5 10 8 0.271075 0.0384074 
10 5 10 9 -0.216827 0.059612 
0 6 0 10 0.253221 -0.474757 
0 8 0 11 0.235908 -0.446517 
0 8 5 12 0.240428 -0.208928 
0 6 5 13 0.257492 -0.212982 
0 2 2.5 14 0.302519 -0.384214 
0 4 2.5 15 0.276369 -0.360354 
0 4 5 16 0.278226 -0.217907 
0 2 5 17 0.303956 -0.224019 
0.5 0.5 -0.5 18 0.289246 -0.628546 
0.5 0.5 6 19 0.294219 -0.159688 
10.5 0.5 -0.5 20 -0.400935 -0.565889 
10.5 0.5 6 21 -0.350443 -0.122648 
10.5 10.5 -0.5 22 -0.214497 -0.406228 
10.5 10.5 6 23 -0.191009 -0.139749 
0.5 10.5 -0.5 24 0.196587 -0.4382 
0.5 10.5 6 25 0.203487 -0.162646 
0.5 5.5 9.5 26 0.241057 0.0107316 
10.5 5.5 9.5 27 -0.235552 0.03243 
0.5 6.5 -0.5 28 0.222662 -0.491766 
0.5 8.5 -0.5 29 0.208452 -0.462574 
0.5 8.5 4.5 30 0.213856 -0.229104 
0.5 6.5 4.5 31 0.228028 -0.234986 
0.5 2.5 2 32 0.264022 -0.407367 
0.5 4.5 2 33 0.242639 -0.381605 
0.5 4.5 4.5 34 0.245175 -0.242103 
0.5 2.5 4.5 35 0.266342 -0.25089 
