0 0 0 0 0.257042 -0.0256393 
0 0 6.5 1 0.269436 0.353963 
10 0 0 2 -0.224779 -0.176388 
10 0 6.5 3 -0.26586 0.448428 
10 10 0 4 -0.525382 -0.0384272 
10 10 6.5 5 -0.572016 0.336947 
0 10 0 6 -0.0961354 0.03214 
0 10 6.5 7 -0.106304 0.302659 
0 5 10 8 0.0474245 0.510971 
10 5 10 9 -0.48896 0.66948 
0 6 0 10 0.0183553 0.0134095 
0 8 0 11 -0.0422923 0.0233313 
0 8 5 12 -0.0481727 0.241249 
0 6 5 13 0.0148783 0.245274 
0 2 2.5 14 0.167833 0.118777 
0 4 2.5 15 0.0870234 0.12303 
0 4 5 16 0.0868543 0.249869 
0 2 5 17 0.169795 0.255164 
0.5 0.5 -0.5 18 0.216953 -0.0532615 
0.5 0.5 6 19 0.226243 0.321888 
10.5 0.5 -0.5 20 -0.28489 -0.2195 
10.5 0.5 6 21 -0.333204 0.393231 
10.5 10.5 -0.5 22 -0.56065 -0.0657562 
10.5 10.5 6 23 -0.609635 0.305252 
0.5 10.5 -0.5 24 -0.12355 0.0119918 
0.5 10.5 6 25 -0.135134 0.280247 
0.5 5.5 9.5 26 0.0116236 0.482666 
10.5 5.5 9.5 27 -0.539597 0.62466 
0.5 6.5 -0.5 28 -0.0130466 -0.00918484 
0.5 8.5 -0.5 29 -0.0715677 0.00203 
0.5 8.5 4.5 30 -0.0786792 0.218026 
0.5 6.5 4.5 31 -0.017945 0.220504 
0.5 2.5 2 32 0.130165 0.0916855 
0.5 4.5 2 33 0.0523591 0.0977784 
0.5 4.5 4.5 34 0.051341 0.22333 
0.5 2.5 4.5 35 0.131122 0.226586 
