0 0 0 0 0.29141 -0.277049 
0 0 6.5 1 0.253243 0.0693297 
10 0 0 2 0.288328 -0.54968 
10 0 6.5 3 0.210995 0.162534 
10 10 0 4 -0.589709 -0.510214 
10 10 6.5 5 -0.625885 0.0370453 
0 10 0 6 -0.193072 -0.290827 
0 10 6.5 7 -0.219146 0.0112777 
0 5 10 8 -0.0156751 0.207885 
10 5 10 9 -0.288739 0.409733 
0 6 0 10 -0.015269 -0.28577 
0 8 0 11 -0.10655 -0.288366 
0 8 5 12 -0.128226 -0.04904 
0 6 5 13 -0.0386364 -0.0399727 
0 2 2.5 14 0.169523 -0.149365 
0 4 2.5 15 0.0684876 -0.155924 
0 4 5 16 0.0559575 -0.030399 
0 2 5 17 0.155987 -0.0202752 
0.5 0.5 -0.5 18 0.265968 -0.312236 
0.5 0.5 6 19 0.227492 0.0415698 
10.5 0.5 -0.5 20 0.234492 -0.635483 
10.5 0.5 6 21 0.155944 0.108844 
10.5 10.5 -0.5 22 -0.658474 -0.573822 
10.5 10.5 6 23 -0.693888 -0.00780529 
0.5 10.5 -0.5 24 -0.223557 -0.321588 
0.5 10.5 6 25 -0.249617 -0.0138498 
0.5 5.5 9.5 26 -0.0443012 0.184801 
10.5 5.5 9.5 27 -0.352929 0.372612 
0.5 6.5 -0.5 28 -0.0441997 -0.318161 
0.5 8.5 -0.5 29 -0.136322 -0.319921 
0.5 8.5 4.5 30 -0.158023 -0.0759976 
0.5 6.5 4.5 31 -0.0676347 -0.0675118 
0.5 2.5 2 32 0.142644 -0.18082 
0.5 4.5 2 33 0.0404835 -0.186601 
0.5 4.5 4.5 34 0.027897 -0.0585432 
0.5 2.5 4.5 35 0.129024 -0.0490493 
