0 0 0 0 -0.558925 -0.289084 
0 0 6.5 1 -0.523284 0.326286 
10 0 0 2 -0.251598 -0.121095 
10 0 6.5 3 -0.226867 0.195328 
10 10 0 4 0.236811 -0.175024 
10 10 6.5 5 0.273373 0.152046 
0 10 0 6 0.393377 -0.409002 
0 10 6.5 7 0.475142 0.247951 
0 5 10 8 -0.00956944 0.654414 
10 5 10 9 0.0356054 0.353196 
0 6 0 10 -0.00378097 -0.35899 
0 8 0 11 0.191936 -0.383635 
0 8 5 12 0.246366 0.109866 
0 6 5 13 0.0432591 0.128093 
0 2 2.5 14 -0.362547 -0.0781975 
0 4 2.5 15 -0.174318 -0.0985453 
0 4 5 16 -0.153968 0.145792 
0 2 5 17 -0.345566 0.162987 
0.5 0.5 -0.5 18 -0.490705 -0.322357 
0.5 0.5 6 19 -0.453943 0.263446 
10.5 0.5 -0.5 20 -0.222626 -0.142651 
10.5 0.5 6 21 -0.197876 0.165772 
10.5 10.5 -0.5 22 0.255002 -0.196046 
10.5 10.5 6 23 0.291056 0.12248 
0.5 10.5 -0.5 24 0.421446 -0.438938 
0.5 10.5 6 25 0.500404 0.184398 
0.5 5.5 9.5 26 0.0389082 0.571937 
10.5 5.5 9.5 27 0.0590135 0.318881 
0.5 6.5 -0.5 28 0.0417462 -0.390409 
0.5 8.5 -0.5 29 0.228987 -0.41434 
0.5 8.5 4.5 30 0.282008 0.0544652 
0.5 6.5 4.5 31 0.0880195 0.0726044 
0.5 2.5 2 32 -0.30127 -0.121991 
0.5 4.5 2 33 -0.120861 -0.141998 
0.5 4.5 4.5 34 -0.100616 0.090243 
0.5 2.5 4.5 35 -0.284116 0.107401 
