0 0 0 0 0.268068 -0.180487 
0 0 6.5 1 0.248647 0.172257 
10 0 0 2 -0.00965868 -0.467949 
10 0 6.5 3 -0.0678068 0.182503 
10 10 0 4 -0.568565 -0.319521 
10 10 6.5 5 -0.633573 0.107782 
0 10 0 6 -0.150964 -0.147516 
0 10 6.5 7 -0.179034 0.127405 
0 5 10 8 -0.00639801 0.322503 
10 5 10 9 -0.450325 0.441175 
0 6 0 10 -0.00722439 -0.158826 
0 8 0 11 -0.0823518 -0.152915 
0 8 5 12 -0.103086 0.0666804 
0 6 5 13 -0.0270167 0.0713121 
0 2 2.5 14 0.158335 -0.0470232 
0 4 2.5 15 0.0662425 -0.0460827 
0 4 5 16 0.0568429 0.0764181 
0 2 5 17 0.149754 0.0820753 
0.5 0.5 -0.5 18 0.235014 -0.212472 
0.5 0.5 6 19 0.214142 0.141225 
10.5 0.5 -0.5 20 -0.0739912 -0.530412 
10.5 0.5 6 21 -0.137801 0.123138 
10.5 10.5 -0.5 22 -0.615174 -0.359628 
10.5 10.5 6 23 -0.682999 0.0690293 
0.5 10.5 -0.5 24 -0.178817 -0.172377 
0.5 10.5 6 25 -0.207892 0.103123 
0.5 5.5 9.5 26 -0.0385584 0.295723 
10.5 5.5 9.5 27 -0.510709 0.395697 
0.5 6.5 -0.5 28 -0.0369843 -0.186118 
0.5 8.5 -0.5 29 -0.111131 -0.178935 
0.5 8.5 4.5 30 -0.132688 0.0411352 
0.5 6.5 4.5 31 -0.0576601 0.0445408 
0.5 2.5 2 32 0.125935 -0.076971 
0.5 4.5 2 33 0.0349763 -0.0745041 
0.5 4.5 4.5 34 0.0250943 0.048297 
0.5 2.5 4.5 35 0.116834 0.0524611 
