0 0 0 0 -0.649921 -0.332337 
0 0 6.5 1 -0.585104 0.232002 
10 0 0 2 -0.248578 -0.200663 
10 0 6.5 3 -0.216484 0.1043 
10 10 0 4 0.235139 -0.271857 
10 10 6.5 5 0.266802 0.0684751 
0 10 0 6 0.251147 -0.51012 
0 10 6.5 7 0.315493 0.188598 
0 5 10 8 -0.147379 0.540836 
10 5 10 9 0.0291447 0.258442 
0 6 0 10 -0.156053 -0.429779 
0 8 0 11 0.0383419 -0.468133 
0 8 5 12 0.0885285 0.0468698 
0 6 5 13 -0.105641 0.062751 
0 2 2.5 14 -0.47312 -0.134456 
0 4 2.5 15 -0.308963 -0.15725 
0 4 5 16 -0.283896 0.0773307 
0 2 5 17 -0.448118 0.0907625 
0.5 0.5 -0.5 18 -0.583433 -0.370115 
0.5 0.5 6 19 -0.521511 0.177393 
10.5 0.5 -0.5 20 -0.219075 -0.223551 
10.5 0.5 6 21 -0.187744 0.076429 
10.5 10.5 -0.5 22 0.258803 -0.295977 
10.5 10.5 6 23 0.289675 0.0381595 
0.5 10.5 -0.5 24 0.298307 -0.549699 
0.5 10.5 6 25 0.359449 0.123393 
0.5 5.5 9.5 26 -0.0926308 0.470844 
10.5 5.5 9.5 27 0.0549266 0.226487 
0.5 6.5 -0.5 28 -0.0985538 -0.46887 
0.5 8.5 -0.5 29 0.0912333 -0.507524 
0.5 8.5 4.5 30 0.138957 -0.0106481 
0.5 6.5 4.5 31 -0.0505651 0.00705543 
0.5 2.5 2 32 -0.410138 -0.179842 
0.5 4.5 2 33 -0.248965 -0.203681 
0.5 4.5 4.5 34 -0.225071 0.0233563 
0.5 2.5 4.5 35 -0.386279 0.038415 
