0 0 0 0 0.282381 -0.298722 
0 0 6.5 1 0.321954 0.106444 
10 0 0 2 -0.37692 -0.271929 
10 0 6.5 3 -0.328901 0.193646 
10 10 0 4 -0.30886 -0.154085 
10 10 6.5 5 -0.28081 0.119108 
0 10 0 6 0.0943048 -0.180216 
0 10 6.5 7 0.119255 0.0709981 
0 5 10 8 0.213296 0.250911 
10 5 10 9 -0.279619 0.331289 
0 6 0 10 0.149299 -0.214867 
0 8 0 11 0.119539 -0.196116 
0 8 5 12 0.140275 0.0131273 
0 6 5 13 0.171834 0.0131378 
0 2 2.5 14 0.241976 -0.125589 
0 4 2.5 15 0.197272 -0.111951 
0 4 5 16 0.209597 0.0131505 
0 2 5 17 0.255594 0.0131659 
0.5 0.5 -0.5 18 0.236583 -0.318789 
0.5 0.5 6 19 0.275385 0.0770201 
10.5 0.5 -0.5 20 -0.411775 -0.295641 
10.5 0.5 6 21 -0.364905 0.157622 
10.5 10.5 -0.5 22 -0.330607 -0.170014 
10.5 10.5 6 23 -0.302953 0.0988925 
0.5 10.5 -0.5 24 0.068407 -0.194495 
0.5 10.5 6 25 0.0930473 0.0530902 
0.5 5.5 9.5 26 0.179425 0.225698 
10.5 5.5 9.5 27 -0.307386 0.301756 
0.5 6.5 -0.5 28 0.117892 -0.231069 
0.5 8.5 -0.5 29 0.0911458 -0.211301 
0.5 8.5 4.5 30 0.111603 -0.00532645 
0.5 6.5 4.5 31 0.1401 -0.00693931 
0.5 2.5 2 32 0.201964 -0.147092 
0.5 4.5 2 33 0.161963 -0.131635 
0.5 4.5 4.5 34 0.174093 -0.00886329 
0.5 2.5 4.5 35 0.215344 -0.011198 
