0 0 0 0 -0.240286 -0.0204948 
0 0 6.5 1 -0.266651 0.248323 
10 0 0 2 0.15339 0.00926102 
10 0 6.5 3 0.144852 0.26815 
10 10 0 4 0.318441 -0.0816949 
10 10 6.5 5 0.315917 0.340653 
0 10 0 6 -0.321801 -0.13721 
0 10 6.5 7 -0.372907 0.312224 
0 5 10 8 -0.326425 0.469148 
10 5 10 9 0.204996 0.482795 
0 6 0 10 -0.279039 -0.075982 
0 8 0 11 -0.297943 -0.103049 
0 8 5 12 -0.330683 0.197114 
0 6 5 13 -0.307381 0.192833 
0 2 2.5 14 -0.261911 0.0733675 
0 4 2.5 15 -0.275919 0.0652834 
0 4 5 16 -0.288641 0.189389 
0 2 5 17 -0.273241 0.18656 
0.5 0.5 -0.5 18 -0.220011 -0.0425903 
0.5 0.5 6 19 -0.245867 0.22935 
10.5 0.5 -0.5 20 0.17838 -0.0115211 
10.5 0.5 6 21 0.170795 0.25027 
10.5 10.5 -0.5 22 0.362877 -0.117589 
10.5 10.5 6 23 0.363495 0.312532 
0.5 10.5 -0.5 24 -0.289913 -0.176996 
0.5 10.5 6 25 -0.339894 0.281215 
0.5 5.5 9.5 26 -0.300483 0.448792 
10.5 5.5 9.5 27 0.239574 0.463806 
0.5 6.5 -0.5 28 -0.253075 -0.106164 
0.5 8.5 -0.5 29 -0.269314 -0.137388 
0.5 8.5 4.5 30 -0.301327 0.167827 
0.5 6.5 4.5 31 -0.280804 0.166701 
0.5 2.5 2 32 -0.239811 0.0504246 
0.5 4.5 2 33 -0.251911 0.0399565 
0.5 4.5 4.5 34 -0.264371 0.165798 
0.5 2.5 4.5 35 -0.250915 0.16506 
