0 0 0 0 0.256849 -0.0255992 
0 0 6.5 1 0.267829 0.353458 
10 0 0 2 -0.218648 -0.179669 
10 0 6.5 3 -0.261065 0.447991 
10 10 0 4 -0.528928 -0.0428551 
10 10 6.5 5 -0.57713 0.33491 
0 10 0 6 -0.0993975 0.030276 
0 10 6.5 7 -0.110603 0.301222 
0 5 10 8 0.0438702 0.509909 
10 5 10 9 -0.491232 0.66972 
0 6 0 10 0.0163321 0.0121245 
0 8 0 11 -0.0449426 0.0217351 
0 8 5 12 -0.0516422 0.239912 
0 6 5 13 0.0119976 0.244149 
0 2 2.5 14 0.166588 0.118248 
0 4 2.5 15 0.0851895 0.122144 
0 4 5 16 0.0845561 0.248979 
0 2 5 17 0.16805 0.254538 
0.5 0.5 -0.5 18 0.216991 -0.053428 
0.5 0.5 6 19 0.224923 0.321362 
10.5 0.5 -0.5 20 -0.279166 -0.223468 
10.5 0.5 6 21 -0.328876 0.392464 
10.5 10.5 -0.5 22 -0.564578 -0.0705921 
10.5 10.5 6 23 -0.615171 0.30292 
0.5 10.5 -0.5 24 -0.126829 0.009944 
0.5 10.5 6 25 -0.139443 0.278707 
0.5 5.5 9.5 26 0.00817071 0.481604 
10.5 5.5 9.5 27 -0.542368 0.624712 
0.5 6.5 -0.5 28 -0.015024 -0.0106637 
0.5 8.5 -0.5 29 -0.0742073 0.000244873 
0.5 8.5 4.5 30 -0.0821298 0.21657 
0.5 6.5 4.5 31 -0.0207671 0.219266 
0.5 2.5 2 32 0.129084 0.0910076 
0.5 4.5 2 33 0.0506256 0.0967397 
0.5 4.5 4.5 34 0.0491532 0.222338 
0.5 2.5 4.5 35 0.129556 0.22587 
