0 0 0 0 -0.376014 -0.396497 
0 0 6.5 1 -0.380667 0.244663 
10 0 0 2 -0.251139 -0.119819 
10 0 6.5 3 -0.246407 0.208481 
10 10 0 4 0.226473 -0.129246 
10 10 6.5 5 0.256069 0.178607 
0 10 0 6 0.516784 -0.384442 
0 10 6.5 7 0.603272 0.182861 
0 5 10 8 0.171315 0.59304 
10 5 10 9 0.0231956 0.378898 
0 6 0 10 0.183457 -0.388943 
0 8 0 11 0.353741 -0.386644 
0 8 5 12 0.407544 0.0495729 
0 6 5 13 0.224939 0.0575512 
0 2 2.5 14 -0.174625 -0.169013 
0 4 2.5 15 0.0188496 -0.171706 
0 4 5 16 0.0333602 0.0659215 
0 2 5 17 -0.16787 0.0747136 
0.5 0.5 -0.5 18 -0.317205 -0.412239 
0.5 0.5 6 19 -0.315232 0.186425 
10.5 0.5 -0.5 20 -0.223783 -0.136581 
10.5 0.5 6 21 -0.217718 0.180274 
10.5 10.5 -0.5 22 0.238572 -0.144797 
10.5 10.5 6 23 0.267892 0.152964 
0.5 10.5 -0.5 24 0.52354 -0.39922 
0.5 10.5 6 25 0.605778 0.134555 
0.5 5.5 9.5 26 0.201497 0.512963 
10.5 5.5 9.5 27 0.0431904 0.345292 
0.5 6.5 -0.5 28 0.20844 -0.404099 
0.5 8.5 -0.5 29 0.369232 -0.401609 
0.5 8.5 4.5 30 0.42113 0.00881165 
0.5 6.5 4.5 31 0.249403 0.0154071 
0.5 2.5 2 32 -0.12667 -0.198262 
0.5 4.5 2 33 0.0547036 -0.200151 
0.5 4.5 4.5 34 0.069736 0.0223075 
0.5 2.5 4.5 35 -0.118434 0.0295345 
