0 0 0 0 0.257805 -0.0824907 
0 0 6.5 1 0.251913 0.282896 
10 0 0 2 -0.124832 -0.298474 
10 0 6.5 3 -0.177998 0.343184 
10 10 0 4 -0.558281 -0.157662 
10 10 6.5 5 -0.62011 0.243772 
0 10 0 6 -0.13195 -0.0402629 
0 10 6.5 7 -0.153892 0.232328 
0 5 10 8 0.00916481 0.435761 
10 5 10 9 -0.490752 0.583417 
0 6 0 10 -0.00180033 -0.0543639 
0 8 0 11 -0.0702713 -0.0469455 
0 8 5 12 -0.0856471 0.17156 
0 6 5 13 -0.0154355 0.176349 
0 2 2.5 14 0.156459 0.055168 
0 4 2.5 15 0.0690833 0.0571064 
0 4 5 16 0.0632905 0.181719 
0 2 5 17 0.15218 0.187782 
0.5 0.5 -0.5 18 0.221307 -0.112395 
0.5 0.5 6 19 0.213191 0.251308 
10.5 0.5 -0.5 20 -0.188578 -0.350644 
10.5 0.5 6 21 -0.248855 0.285666 
10.5 10.5 -0.5 22 -0.598949 -0.19075 
10.5 10.5 6 23 -0.66356 0.20861 
0.5 10.5 -0.5 24 -0.159498 -0.062738 
0.5 10.5 6 25 -0.182689 0.208915 
0.5 5.5 9.5 26 -0.0248172 0.408156 
10.5 5.5 9.5 27 -0.547198 0.537867 
0.5 6.5 -0.5 28 -0.0323446 -0.0793189 
0.5 8.5 -0.5 29 -0.0992403 -0.0705957 
0.5 8.5 4.5 30 -0.115669 0.147118 
0.5 6.5 4.5 31 -0.0471529 0.15051 
0.5 2.5 2 32 0.121462 0.026568 
0.5 4.5 2 33 0.0361384 0.0302072 
0.5 4.5 4.5 34 0.0296751 0.154315 
0.5 2.5 4.5 35 0.116425 0.158611 
