0 0 0 0 -0.342035 -0.398394 
0 0 6.5 1 -0.351249 0.245831 
10 0 0 2 -0.250128 -0.115774 
10 0 6.5 3 -0.249093 0.21472 
10 10 0 4 0.224585 -0.11659 
10 10 6.5 5 0.25191 0.189008 
0 10 0 6 0.532596 -0.363287 
0 10 6.5 7 0.617188 0.192426 
0 5 10 8 0.198897 0.598345 
10 5 10 9 0.0201291 0.388024 
0 6 0 10 0.211404 -0.376179 
0 8 0 11 0.376269 -0.369562 
0 8 5 12 0.428846 0.0592124 
0 6 5 13 0.251672 0.0647317 
0 2 2.5 14 -0.141743 -0.166873 
0 4 2.5 15 0.0499368 -0.165714 
0 4 5 16 0.0636874 0.0705878 
0 2 5 17 -0.136128 0.0768124 
0.5 0.5 -0.5 18 -0.285793 -0.412222 
0.5 0.5 6 19 -0.287916 0.187934 
10.5 0.5 -0.5 20 -0.223151 -0.131987 
10.5 0.5 6 21 -0.220584 0.18659 
10.5 10.5 -0.5 22 0.235826 -0.131657 
10.5 10.5 6 23 0.262914 0.163719 
0.5 10.5 -0.5 24 0.536575 -0.377238 
0.5 10.5 6 25 0.616739 0.14539 
0.5 5.5 9.5 26 0.225532 0.51848 
10.5 5.5 9.5 27 0.0395407 0.354408 
0.5 6.5 -0.5 28 0.233106 -0.390147 
0.5 8.5 -0.5 29 0.38866 -0.38353 
0.5 8.5 4.5 30 0.43918 0.0196162 
0.5 6.5 4.5 31 0.272722 0.0237074 
0.5 2.5 2 32 -0.096813 -0.194715 
0.5 4.5 2 33 0.0824786 -0.192857 
0.5 4.5 4.5 34 0.0967217 0.0280332 
0.5 2.5 4.5 35 -0.0896644 0.0326142 
