0 0 0 0 -0.238197 -0.359882 
0 0 6.5 1 -0.258151 0.303725 
10 0 0 2 -0.247695 -0.0878538 
10 0 6.5 3 -0.25801 0.252181 
10 10 0 4 0.217745 -0.0647653 
10 10 6.5 5 0.236911 0.236905 
0 10 0 6 0.575655 -0.266858 
0 10 6.5 7 0.650782 0.264601 
0 5 10 8 0.276155 0.66513 
10 5 10 9 0.00851156 0.43392 
0 6 0 10 0.291016 -0.299393 
0 8 0 11 0.439056 -0.282472 
0 8 5 12 0.485931 0.132138 
0 6 5 13 0.326515 0.132622 
0 2 2.5 14 -0.0431742 -0.113353 
0 4 2.5 15 0.140433 -0.102615 
0 4 5 16 0.151829 0.133152 
0 2 5 17 -0.0404314 0.133735 
0.5 0.5 -0.5 18 -0.19058 -0.371719 
0.5 0.5 6 19 -0.202815 0.242388 
10.5 0.5 -0.5 20 -0.221951 -0.103442 
10.5 0.5 6 21 -0.230184 0.223204 
10.5 10.5 -0.5 22 0.226573 -0.0793897 
10.5 10.5 6 23 0.24564 0.2117 
0.5 10.5 -0.5 24 0.572118 -0.281377 
0.5 10.5 6 25 0.642545 0.217933 
0.5 5.5 9.5 26 0.292006 0.582314 
10.5 5.5 9.5 27 0.0261574 0.399313 
0.5 6.5 -0.5 28 0.303213 -0.313229 
0.5 8.5 -0.5 29 0.442778 -0.296697 
0.5 8.5 4.5 30 0.487213 0.0924593 
0.5 6.5 4.5 31 0.33759 0.0912105 
0.5 2.5 2 32 -0.00800621 -0.140923 
0.5 4.5 2 33 0.162876 -0.129659 
0.5 4.5 4.5 34 0.17455 0.0898497 
0.5 2.5 4.5 35 -0.00379767 0.0883611 
