0 0 0 0 0.19606 -0.391778 
0 0 6.5 1 0.183976 -0.0916626 
10 0 0 2 0.685348 -0.517485 
10 0 6.5 3 0.621502 -0.0227337 
10 10 0 4 -3.15708e-06 -0.691778 
10 10 6.5 5 -0.00246633 0.0581478 
0 10 0 6 -0.270856 -0.444022 
0 10 6.5 7 -0.253129 -0.0660584 
0 5 10 8 -0.0107969 0.0831196 
10 5 10 9 0.347493 0.280635 
0 6 0 10 -0.057163 -0.420111 
0 8 0 11 -0.158616 -0.431463 
0 8 5 12 -0.151288 -0.150727 
0 6 5 13 -0.0552328 -0.152761 
0 2 2.5 14 0.115835 -0.275499 
0 4 2.5 15 0.0336782 -0.279089 
0 4 5 16 0.0324332 -0.154616 
0 2 5 17 0.112763 -0.156316 
0.5 0.5 -0.5 18 0.193136 -0.42317 
0.5 0.5 6 19 0.180807 -0.110921 
10.5 0.5 -0.5 20 0.710904 -0.579125 
10.5 0.5 6 21 0.641003 -0.0505209 
10.5 10.5 -0.5 22 -0.0275265 -0.807445 
10.5 10.5 6 23 -0.0262199 0.0231159 
0.5 10.5 -0.5 24 -0.296355 -0.486583 
0.5 10.5 6 25 -0.275993 -0.0891766 
0.5 5.5 9.5 26 -0.021408 0.0688475 
10.5 5.5 9.5 27 0.352049 0.268572 
0.5 6.5 -0.5 28 -0.0711458 -0.457407 
0.5 8.5 -0.5 29 -0.177814 -0.471226 
0.5 8.5 4.5 30 -0.169135 -0.176606 
0.5 6.5 4.5 31 -0.0684133 -0.177491 
0.5 2.5 2 32 0.109868 -0.303198 
0.5 4.5 2 33 0.0242362 -0.308215 
0.5 4.5 4.5 34 0.0231778 -0.178296 
0.5 2.5 4.5 35 0.106826 -0.179031 
