0 0 0 0 0.107383 -0.310347 
0 0 6.5 1 0.0658067 0.354027 
10 0 0 2 -0.240013 -0.131909 
10 0 6.5 3 -0.279069 0.227087 
10 10 0 4 0.162868 -0.0455292 
10 10 6.5 5 0.148196 0.23238 
0 10 0 6 0.605143 -0.115711 
0 10 6.5 7 0.608315 0.315588 
0 5 10 8 0.39203 0.644788 
10 5 10 9 -0.0508731 0.410144 
0 6 0 10 0.454269 -0.174707 
0 8 0 11 0.535342 -0.143005 
0 8 5 12 0.534559 0.208611 
0 6 5 13 0.449161 0.205127 
0 2 2.5 14 0.23589 -0.0371412 
0 4 2.5 15 0.353581 -0.0112512 
0 4 5 16 0.347901 0.200995 
0 2 5 17 0.225905 0.196017 
0.5 0.5 -0.5 18 0.116183 -0.324844 
0.5 0.5 6 19 0.0784901 0.288384 
10.5 0.5 -0.5 20 -0.221411 -0.147121 
10.5 0.5 6 21 -0.257984 0.196422 
10.5 10.5 -0.5 22 0.165065 -0.0600443 
10.5 10.5 6 23 0.150939 0.208524 
0.5 10.5 -0.5 24 0.58803 -0.134394 
0.5 10.5 6 25 0.590083 0.274808 
0.5 5.5 9.5 26 0.382368 0.573251 
10.5 5.5 9.5 27 -0.0404253 0.376111 
0.5 6.5 -0.5 28 0.442574 -0.193104 
0.5 8.5 -0.5 29 0.520467 -0.161664 
0.5 8.5 4.5 30 0.519041 0.1709 
0.5 6.5 4.5 31 0.437172 0.164584 
0.5 2.5 2 32 0.235813 -0.0683787 
0.5 4.5 2 33 0.346545 -0.0413676 
0.5 4.5 4.5 34 0.341021 0.157167 
0.5 2.5 4.5 35 0.226491 0.148332 
