0 0 0 0 0.355966 -0.667953 
0 0 6.5 1 0.345235 -0.162312 
10 0 0 2 -0.367977 -0.594139 
10 0 6.5 3 -0.322956 -0.13757 
10 10 0 4 -0.165937 -0.430453 
10 10 6.5 5 -0.147681 -0.157598 
0 10 0 6 0.259829 -0.463055 
0 10 6.5 7 0.25819 -0.173382 
0 5 10 8 0.288524 0.0108541 
10 5 10 9 -0.201109 0.0181257 
0 6 0 10 0.28636 -0.519601 
0 8 0 11 0.271852 -0.48868 
0 8 5 12 0.269961 -0.242 
0 6 5 13 0.28362 -0.247178 
0 2 2.5 14 0.323777 -0.428434 
0 4 2.5 15 0.302189 -0.40161 
0 4 5 16 0.300266 -0.253489 
0 2 5 17 0.321004 -0.261351 
0.5 0.5 -0.5 18 0.31018 -0.687672 
0.5 0.5 6 19 0.303462 -0.196449 
10.5 0.5 -0.5 20 -0.386975 -0.614392 
10.5 0.5 6 21 -0.341863 -0.169574 
10.5 10.5 -0.5 22 -0.181209 -0.445758 
10.5 10.5 6 23 -0.162584 -0.17712 
0.5 10.5 -0.5 24 0.235178 -0.478589 
0.5 10.5 6 25 0.234758 -0.193672 
0.5 5.5 9.5 26 0.259466 -0.0179411 
10.5 5.5 9.5 27 -0.2178 -0.009038 
0.5 6.5 -0.5 28 0.2561 -0.536913 
0.5 8.5 -0.5 29 0.244681 -0.505078 
0.5 8.5 4.5 30 0.243938 -0.262887 
0.5 6.5 4.5 31 0.254775 -0.269959 
0.5 2.5 2 32 0.285856 -0.452165 
0.5 4.5 2 33 0.268975 -0.423443 
0.5 4.5 4.5 34 0.267924 -0.278539 
0.5 2.5 4.5 35 0.284212 -0.289169 
