0 0 0 0 0.301149 -0.412493 
0 0 6.5 1 0.32666 0.0182238 
10 0 0 2 -0.38184 -0.366652 
10 0 6.5 3 -0.327711 0.0834512 
10 10 0 4 -0.258354 -0.25069 
10 10 6.5 5 -0.228916 0.0159357 
0 10 0 6 0.148327 -0.28163 
0 10 6.5 7 0.167449 -0.0219218 
0 5 10 8 0.23915 0.160121 
10 5 10 9 -0.246271 0.213343 
0 6 0 10 0.192029 -0.319053 
0 8 0 11 0.168281 -0.298718 
0 8 5 12 0.183939 -0.0804388 
0 6 5 13 0.208635 -0.0800402 
0 2 2.5 14 0.265723 -0.224542 
0 4 2.5 15 0.229685 -0.210035 
0 4 5 16 0.238396 -0.0795598 
0 2 5 17 0.274956 -0.0789696 
0.5 0.5 -0.5 18 0.255182 -0.433291 
0.5 0.5 6 19 0.28174 -0.0129927 
10.5 0.5 -0.5 20 -0.410749 -0.389786 
10.5 0.5 6 21 -0.356967 0.0489624 
10.5 10.5 -0.5 22 -0.277657 -0.266427 
10.5 10.5 6 23 -0.248249 -0.00382303 
0.5 10.5 -0.5 24 0.122916 -0.296406 
0.5 10.5 6 25 0.142315 -0.0405173 
0.5 5.5 9.5 26 0.207117 0.133904 
10.5 5.5 9.5 27 -0.269633 0.185118 
0.5 6.5 -0.5 28 0.161033 -0.335854 
0.5 8.5 -0.5 29 0.14035 -0.314449 
0.5 8.5 4.5 30 0.156271 -0.0996753 
0.5 6.5 4.5 31 0.177973 -0.101039 
0.5 2.5 2 32 0.226384 -0.247152 
0.5 4.5 2 33 0.195104 -0.230657 
0.5 4.5 4.5 34 0.204032 -0.102677 
0.5 2.5 4.5 35 0.235906 -0.10468 
