0 0 0 0 0.388499 -0.489069 
0 0 6.5 1 0.320087 0.0816076 
10 0 0 2 -0.249579 -0.413254 
10 0 6.5 3 -0.267388 -0.0197679 
10 10 0 4 0.0502387 -0.298278 
10 10 6.5 5 0.0289044 -0.0379334 
0 10 0 6 0.493609 -0.310753 
0 10 6.5 7 0.44936 0.0168499 
0 5 10 8 0.374714 0.248254 
10 5 10 9 -0.100755 0.128553 
0 6 0 10 0.464688 -0.359818 
0 8 0 11 0.480511 -0.332974 
0 8 5 12 0.443469 -0.0547563 
0 6 5 13 0.424513 -0.0527328 
0 2 2.5 14 0.395891 -0.236368 
0 4 2.5 15 0.422806 -0.218014 
0 4 5 16 0.401334 -0.0502586 
0 2 5 17 0.372345 -0.0471641 
0.5 0.5 -0.5 18 0.358197 -0.513535 
0.5 0.5 6 19 0.295097 0.0305035 
10.5 0.5 -0.5 20 -0.247242 -0.432968 
10.5 0.5 6 21 -0.264535 -0.0523262 
10.5 10.5 -0.5 22 0.0444759 -0.314264 
10.5 10.5 6 23 0.023823 -0.0595967 
0.5 10.5 -0.5 24 0.472721 -0.330492 
0.5 10.5 6 25 0.430578 -0.0118251 
0.5 5.5 9.5 26 0.354498 0.20493 
10.5 5.5 9.5 27 -0.103104 0.0986304 
0.5 6.5 -0.5 28 0.440681 -0.381701 
0.5 8.5 -0.5 29 0.45816 -0.353765 
0.5 8.5 4.5 30 0.423041 -0.0839108 
0.5 6.5 4.5 31 0.402786 -0.0847773 
0.5 2.5 2 32 0.369646 -0.268694 
0.5 4.5 2 33 0.398343 -0.24755 
0.5 4.5 4.5 34 0.378196 -0.0858292 
0.5 2.5 4.5 35 0.347714 -0.0871331 
