0 0 0 0 -0.387078 -0.379261 
0 0 6.5 1 -0.410951 -0.067103 
10 0 0 2 0.0316377 -0.285388 
10 0 6.5 3 0.00682259 -0.0305688 
10 10 0 4 0.324707 -0.384592 
10 10 6.5 5 0.28128 0.00584123 
0 10 0 6 -0.291196 -0.586702 
0 10 6.5 7 -0.334854 -0.0433483 
0 5 10 8 -0.39915 0.148853 
10 5 10 9 0.0988424 0.146072 
0 6 0 10 -0.342725 -0.475219 
0 8 0 11 -0.320292 -0.523751 
0 8 5 12 -0.349272 -0.157773 
0 6 5 13 -0.368084 -0.151256 
0 2 2.5 14 -0.385254 -0.2727 
0 4 2.5 15 -0.371897 -0.290323 
0 4 5 16 -0.383086 -0.146059 
0 2 5 17 -0.395327 -0.141818 
0.5 0.5 -0.5 18 -0.356515 -0.40414 
0.5 0.5 6 19 -0.38113 -0.0880667 
10.5 0.5 -0.5 20 0.0605065 -0.304811 
10.5 0.5 6 21 0.0350972 -0.0473873 
10.5 10.5 -0.5 22 0.373483 -0.415991 
10.5 10.5 6 23 0.328497 -0.019412 
0.5 10.5 -0.5 24 -0.235538 -0.634621 
0.5 10.5 6 25 -0.281546 -0.0793034 
0.5 5.5 9.5 26 -0.361522 0.125589 
10.5 5.5 9.5 27 0.133803 0.127847 
0.5 6.5 -0.5 28 -0.300811 -0.510265 
0.5 8.5 -0.5 29 -0.27247 -0.564261 
0.5 8.5 4.5 30 -0.302812 -0.191248 
0.5 6.5 4.5 31 -0.327228 -0.1808 
0.5 2.5 2 32 -0.352003 -0.298416 
0.5 4.5 2 33 -0.335023 -0.318943 
0.5 4.5 4.5 34 -0.34663 -0.172498 
0.5 2.5 4.5 35 -0.362418 -0.165743 
