0 0 0 0 -0.543746 -0.45057 
0 0 6.5 1 -0.524305 -0.0682137 
10 0 0 2 -0.0787373 -0.360446 
10 0 6.5 3 -0.0863491 -0.0860903 
10 10 0 4 0.298506 -0.420102 
10 10 6.5 5 0.262952 -0.0302802 
0 10 0 6 -0.248018 -0.617787 
0 10 6.5 7 -0.2473 0.0338152 
0 5 10 8 -0.412674 0.198963 
10 5 10 9 0.0502057 0.0963236 
0 6 0 10 -0.406665 -0.528081 
0 8 0 11 -0.33752 -0.567179 
0 8 5 12 -0.330395 -0.118113 
0 6 5 13 -0.395721 -0.129291 
0 2 2.5 14 -0.499077 -0.304124 
0 4 2.5 15 -0.454894 -0.312116 
0 4 5 16 -0.448505 -0.138322 
0 2 5 17 -0.492042 -0.145772 
0.5 0.5 -0.5 18 -0.504058 -0.480716 
0.5 0.5 6 19 -0.487064 -0.0940434 
10.5 0.5 -0.5 20 -0.0482073 -0.381542 
10.5 0.5 6 21 -0.0572894 -0.104958 
10.5 10.5 -0.5 22 0.344977 -0.450847 
10.5 10.5 6 23 0.306117 -0.0565131 
0.5 10.5 -0.5 24 -0.175369 -0.672309 
0.5 10.5 6 25 -0.182463 -0.00812337 
0.5 5.5 9.5 26 -0.367259 0.170018 
10.5 5.5 9.5 27 0.0839206 0.07582 
0.5 6.5 -0.5 28 -0.352098 -0.569294 
0.5 8.5 -0.5 29 -0.275186 -0.614126 
0.5 8.5 4.5 30 -0.272652 -0.157375 
0.5 6.5 4.5 31 -0.344704 -0.164442 
0.5 2.5 2 32 -0.456598 -0.335123 
0.5 4.5 2 33 -0.407837 -0.346268 
0.5 4.5 4.5 34 -0.402818 -0.170141 
0.5 2.5 4.5 35 -0.450682 -0.174836 
