0 0 0 0 0.256102 -0.229036 
0 0 6.5 1 0.298034 0.145992 
10 0 0 2 -0.344687 -0.303106 
10 0 6.5 3 -0.331587 0.202185 
10 10 0 4 -0.403382 -0.109965 
10 10 6.5 5 -0.398292 0.190496 
0 10 0 6 0.00487053 -0.0931365 
0 10 6.5 7 0.023383 0.155915 
0 5 10 8 0.14704 0.323944 
10 5 10 9 -0.369391 0.414948 
0 6 0 10 0.0818932 -0.134801 
0 8 0 11 0.0406003 -0.112464 
0 8 5 12 0.0568022 0.0911433 
0 6 5 13 0.100677 0.0844561 
0 2 2.5 14 0.200221 -0.0646433 
0 4 2.5 15 0.141001 -0.0441232 
0 4 5 16 0.152209 0.0766017 
0 2 5 17 0.213595 0.0672454 
0.5 0.5 -0.5 18 0.212365 -0.248609 
0.5 0.5 6 19 0.25126 0.118895 
10.5 0.5 -0.5 20 -0.389713 -0.327513 
10.5 0.5 6 21 -0.380141 0.164196 
10.5 10.5 -0.5 22 -0.429667 -0.127168 
10.5 10.5 6 23 -0.425744 0.168463 
0.5 10.5 -0.5 24 -0.0215428 -0.107679 
0.5 10.5 6 25 -0.00415523 0.138044 
0.5 5.5 9.5 26 0.111267 0.299499 
10.5 5.5 9.5 27 -0.405576 0.382328 
0.5 6.5 -0.5 28 0.0504452 -0.151052 
0.5 8.5 -0.5 29 0.011882 -0.127818 
0.5 8.5 4.5 30 0.0270733 0.0728949 
0.5 6.5 4.5 31 0.0680208 0.0648493 
0.5 2.5 2 32 0.160596 -0.085257 
0.5 4.5 2 33 0.105554 -0.0632782 
0.5 4.5 4.5 34 0.116014 0.0554192 
0.5 2.5 4.5 35 0.173043 0.0442139 
