0 0 0 0 -0.353432 -0.398618 
0 0 6.5 1 -0.361188 0.24443 
10 0 0 2 -0.250471 -0.117437 
10 0 6.5 3 -0.248196 0.212277 
10 10 0 4 0.225221 -0.121113 
10 10 6.5 5 0.25333 0.185182 
0 10 0 6 0.527387 -0.371059 
0 10 6.5 7 0.61268 0.18831 
0 5 10 8 0.189764 0.595568 
10 5 10 9 0.0211836 0.384605 
0 6 0 10 0.202144 -0.381236 
0 8 0 11 0.368829 -0.37602 
0 8 5 12 0.421847 0.0550794 
0 6 5 13 0.24283 0.0613936 
0 2 2.5 14 -0.152738 -0.168508 
0 4 2.5 15 0.0395946 -0.168617 
0 4 5 16 0.053596 0.0680683 
0 2 5 17 -0.146756 0.075135 
0.5 0.5 -0.5 18 -0.296313 -0.413019 
0.5 0.5 6 19 -0.297119 0.186491 
10.5 0.5 -0.5 20 -0.223366 -0.133815 
10.5 0.5 6 21 -0.219624 0.184139 
10.5 10.5 -0.5 22 0.236745 -0.136323 
10.5 10.5 6 23 0.264604 0.159794 
0.5 10.5 -0.5 24 0.532276 -0.385224 
0.5 10.5 6 25 0.613197 0.140919 
0.5 5.5 9.5 26 0.217589 0.515696 
10.5 5.5 9.5 27 0.0407903 0.351009 
0.5 6.5 -0.5 28 0.224935 -0.395533 
0.5 8.5 -0.5 29 0.382241 -0.390256 
0.5 8.5 4.5 30 0.433254 0.0151643 
0.5 6.5 4.5 31 0.265016 0.0200662 
0.5 2.5 2 32 -0.106783 -0.19675 
0.5 4.5 2 33 0.0732465 -0.196124 
0.5 4.5 4.5 34 0.0877532 0.0252311 
0.5 2.5 4.5 35 -0.0992811 0.0306807 
