0 0 0 0 -0.587916 -0.280839 
0 0 6.5 1 -0.543059 0.320945 
10 0 0 2 -0.250602 -0.132615 
10 0 6.5 3 -0.223002 0.180321 
10 10 0 4 0.237365 -0.192121 
10 10 6.5 5 0.273372 0.13852 
0 10 0 6 0.357739 -0.418495 
0 10 6.5 7 0.43492 0.252376 
0 5 10 8 -0.048716 0.644543 
10 5 10 9 0.0354131 0.336777 
0 6 0 10 -0.046087 -0.359711 
0 8 0 11 0.151173 -0.388426 
0 8 5 12 0.204385 0.112837 
0 6 5 13 0.00181362 0.13062 
0 2 2.5 14 -0.39604 -0.0733825 
0 4 2.5 15 -0.213369 -0.0947354 
0 4 5 16 -0.191651 0.147604 
0 2 5 17 -0.37661 0.163841 
0.5 0.5 -0.5 18 -0.519625 -0.316468 
0.5 0.5 6 19 -0.47497 0.259478 
10.5 0.5 -0.5 20 -0.221468 -0.15482 
10.5 0.5 6 21 -0.194098 0.150983 
10.5 10.5 -0.5 22 0.257017 -0.214234 
10.5 10.5 6 23 0.292457 0.108453 
0.5 10.5 -0.5 24 0.391097 -0.451932 
0.5 10.5 6 25 0.465609 0.186973 
0.5 5.5 9.5 26 0.00216351 0.564447 
10.5 5.5 9.5 27 0.0594859 0.302854 
0.5 6.5 -0.5 28 0.00325044 -0.394243 
0.5 8.5 -0.5 29 0.192901 -0.422452 
0.5 8.5 4.5 30 0.244566 0.055577 
0.5 6.5 4.5 31 0.0500217 0.0738366 
0.5 2.5 2 32 -0.333691 -0.118749 
0.5 4.5 2 33 -0.157478 -0.140158 
0.5 4.5 4.5 34 -0.136153 0.0913107 
0.5 2.5 4.5 35 -0.314488 0.108049 
