0 0 0 0 0.257195 -0.117598 
0 0 6.5 1 0.289007 0.257648 
10 0 0 2 -0.298663 -0.235994 
10 0 6.5 3 -0.312011 0.31712 
10 10 0 4 -0.458407 -0.0570826 
10 10 6.5 5 -0.476292 0.273656 
0 10 0 6 -0.0410452 -0.0142667 
0 10 6.5 7 -0.0343143 0.243482 
0 5 10 8 0.104738 0.429119 
10 5 10 9 -0.427006 0.54141 
0 6 0 10 0.052795 -0.0467795 
0 8 0 11 0.00275914 -0.0294436 
0 8 5 12 0.00998633 0.179528 
0 6 5 13 0.0627107 0.176949 
0 2 2.5 14 0.186519 0.0369753 
0 4 2.5 15 0.117037 0.0508609 
0 4 5 16 0.123885 0.173958 
0 2 5 17 0.195717 0.170445 
0.5 0.5 -0.5 18 0.214718 -0.140772 
0.5 0.5 6 19 0.243053 0.227977 
10.5 0.5 -0.5 20 -0.350602 -0.267544 
10.5 0.5 6 21 -0.369314 0.271496 
10.5 10.5 -0.5 22 -0.48824 -0.0781166 
10.5 10.5 6 23 -0.507804 0.247587 
0.5 10.5 -0.5 24 -0.0679352 -0.0311414 
0.5 10.5 6 25 -0.0625756 0.223543 
0.5 5.5 9.5 26 0.068435 0.402569 
10.5 5.5 9.5 27 -0.469357 0.503011 
0.5 6.5 -0.5 28 0.0212285 -0.0657246 
0.5 8.5 -0.5 29 -0.0262877 -0.0472949 
0.5 8.5 4.5 30 -0.0202794 0.159049 
0.5 6.5 4.5 31 0.029702 0.154992 
0.5 2.5 2 32 0.147372 0.0134412 
0.5 4.5 2 33 0.0816471 0.0290063 
0.5 4.5 4.5 34 0.0876084 0.150291 
0.5 2.5 4.5 35 0.155487 0.144781 
