0 0 0 0 0.256328 -0.0473948 
0 0 6.5 1 0.257327 0.324815 
10 0 0 2 -0.168527 -0.232973 
10 0 6.5 3 -0.218324 0.406412 
10 10 0 4 -0.549102 -0.097073 
10 10 6.5 5 -0.606522 0.295246 
0 10 0 6 -0.12005 -0.00110985 
0 10 6.5 7 -0.137972 0.271336 
0 5 10 8 0.021467 0.47867 
10 5 10 9 -0.497391 0.637144 
0 6 0 10 0.00414872 -0.0163831 
0 8 0 11 -0.0613741 -0.00832547 
0 8 5 12 -0.0734483 0.21047 
0 6 5 13 -0.00589056 0.215377 
0 2 2.5 14 0.159271 0.092681 
0 4 2.5 15 0.0741848 0.0950299 
0 4 5 16 0.070416 0.22092 
0 2 5 17 0.157289 0.227231 
0.5 0.5 -0.5 18 0.218323 -0.0764799 
0.5 0.5 6 19 0.216732 0.292911 
10.5 0.5 -0.5 20 -0.231302 -0.281513 
10.5 0.5 6 21 -0.28849 0.349449 
10.5 10.5 -0.5 22 -0.587561 -0.127771 
10.5 10.5 6 23 -0.647631 0.261385 
0.5 10.5 -0.5 24 -0.147555 -0.0226805 
0.5 10.5 6 25 -0.166809 0.248253 
0.5 5.5 9.5 26 -0.0133179 0.450669 
10.5 5.5 9.5 27 -0.551785 0.591546 
0.5 6.5 -0.5 28 -0.0267769 -0.04044 
0.5 8.5 -0.5 29 -0.0904899 -0.0310715 
0.5 8.5 4.5 30 -0.103702 0.186445 
0.5 6.5 4.5 31 -0.0381026 0.189886 
0.5 2.5 2 32 0.123135 0.0645942 
0.5 4.5 2 33 0.0404932 0.0687139 
0.5 4.5 4.5 34 0.035975 0.19377 
0.5 2.5 4.5 35 0.120289 0.198192 
