0 0 0 0 0.258576 -0.405514 
0 0 6.5 1 0.227909 -0.0891791 
10 0 0 2 0.723788 -0.602457 
10 0 6.5 3 0.629942 -0.0210177 
10 10 0 4 -0.193703 -0.821963 
10 10 6.5 5 -0.215429 -0.0446337 
0 10 0 6 -0.241721 -0.477452 
0 10 6.5 7 -0.249896 -0.110871 
0 5 10 8 -0.00518326 0.0698169 
10 5 10 9 0.229896 0.277198 
0 6 0 10 -0.0240857 -0.446158 
0 8 0 11 -0.129633 -0.461335 
0 8 5 12 -0.140391 -0.184684 
0 6 5 13 -0.0387282 -0.177861 
0 2 2.5 14 0.158779 -0.289387 
0 4 2.5 15 0.0662569 -0.299065 
0 4 5 16 0.0573925 -0.17141 
0 2 5 17 0.148412 -0.165302 
0.5 0.5 -0.5 18 0.251681 -0.440644 
0.5 0.5 6 19 0.220335 -0.11214 
10.5 0.5 -0.5 20 0.741549 -0.682836 
10.5 0.5 6 21 0.640431 -0.0589817 
10.5 10.5 -0.5 22 -0.252689 -0.951342 
10.5 10.5 6 23 -0.269217 -0.0966155 
0.5 10.5 -0.5 24 -0.269921 -0.521148 
0.5 10.5 6 25 -0.276828 -0.138153 
0.5 5.5 9.5 26 -0.0211 0.0513787 
10.5 5.5 9.5 27 0.215045 0.255747 
0.5 6.5 -0.5 28 -0.0423248 -0.48602 
0.5 8.5 -0.5 29 -0.152569 -0.503036 
0.5 8.5 4.5 30 -0.162758 -0.21426 
0.5 6.5 4.5 31 -0.0567499 -0.20633 
0.5 2.5 2 32 0.14833 -0.320735 
0.5 4.5 2 33 0.0521718 -0.331664 
0.5 4.5 4.5 34 0.0432755 -0.198848 
0.5 2.5 4.5 35 0.137811 -0.191776 
