0 0 0 0 0.256973 -0.0669616 
0 0 6.5 1 0.253793 0.301222 
10 0 0 2 -0.143072 -0.270176 
10 0 6.5 3 -0.195045 0.370877 
10 10 0 4 -0.555098 -0.13164 
10 10 6.5 5 -0.615393 0.266153 
0 10 0 6 -0.127488 -0.0232678 
0 10 6.5 7 -0.147911 0.24929 
0 5 10 8 0.0136664 0.454444 
10 5 10 9 -0.494478 0.607164 
0 6 0 10 0.000279039 -0.0377885 
0 8 0 11 -0.0670149 -0.0301405 
0 8 5 12 -0.081132 0.188498 
0 6 5 13 -0.0119744 0.193367 
0 2 2.5 14 0.157294 0.0716308 
0 4 2.5 15 0.0708106 0.0736957 
0 4 5 16 0.0658007 0.198843 
0 2 5 17 0.153911 0.205046 
0.5 0.5 -0.5 18 0.21986 -0.0965361 
0.5 0.5 6 19 0.214308 0.269504 
10.5 0.5 -0.5 20 -0.20649 -0.320842 
10.5 0.5 6 21 -0.265719 0.313573 
10.5 10.5 -0.5 22 -0.594858 -0.16373 
10.5 10.5 6 23 -0.657887 0.231522 
0.5 10.5 -0.5 24 -0.155017 -0.045373 
0.5 10.5 6 25 -0.176724 0.226008 
0.5 5.5 9.5 26 -0.0206456 0.426675 
10.5 5.5 9.5 27 -0.550129 0.561575 
0.5 6.5 -0.5 28 -0.030421 -0.0623778 
0.5 8.5 -0.5 29 -0.096043 -0.0534218 
0.5 8.5 4.5 30 -0.111249 0.164223 
0.5 6.5 4.5 31 -0.0438949 0.167667 
0.5 2.5 2 32 0.121831 0.0432367 
0.5 4.5 2 33 0.0375598 0.0470316 
0.5 4.5 4.5 34 0.0318468 0.171539 
0.5 2.5 4.5 35 0.117647 0.175925 
