0 0 0 0 -0.0670503 -0.0365809 
0 0 6.5 1 -0.0530867 0.214927 
10 0 0 2 0.330557 -0.0880447 
10 0 6.5 3 0.363911 0.19566 
10 10 0 4 0.325554 -0.236291 
10 10 6.5 5 0.382847 0.243 
0 10 0 6 -0.291958 -0.129497 
0 10 6.5 7 -0.283584 0.264558 
0 5 10 8 -0.134596 0.411809 
10 5 10 9 0.395557 0.421877 
0 6 0 10 -0.177467 -0.0821975 
0 8 0 11 -0.22899 -0.103483 
0 8 5 12 -0.220671 0.165358 
0 6 5 13 -0.167984 0.162093 
0 2 2.5 14 -0.0930272 0.0522168 
0 4 2.5 15 -0.129541 0.0455647 
0 4 5 16 -0.12438 0.15939 
0 2 5 17 -0.0876949 0.157116 
0.5 0.5 -0.5 18 -0.057543 -0.0609764 
0.5 0.5 6 19 -0.0428956 0.195119 
10.5 0.5 -0.5 20 0.350918 -0.116959 
10.5 0.5 6 21 0.386029 0.172584 
10.5 10.5 -0.5 22 0.360074 -0.291692 
10.5 10.5 6 23 0.422647 0.204452 
0.5 10.5 -0.5 24 -0.284511 -0.170998 
0.5 10.5 6 25 -0.275365 0.234422 
0.5 5.5 9.5 26 -0.123962 0.392215 
10.5 5.5 9.5 27 0.425725 0.398994 
0.5 6.5 -0.5 28 -0.168298 -0.114665 
0.5 8.5 -0.5 29 -0.220422 -0.139931 
0.5 8.5 4.5 30 -0.211473 0.135747 
0.5 6.5 4.5 31 -0.158191 0.13526 
0.5 2.5 2 32 -0.0832122 0.0275469 
0.5 4.5 2 33 -0.119796 0.0185834 
0.5 4.5 4.5 34 -0.11433 0.13486 
0.5 2.5 4.5 35 -0.077594 0.134525 
