0 0 0 0 0.393327 -0.484872 
0 0 6.5 1 0.326281 0.0779622 
10 0 0 2 -0.255623 -0.417856 
10 0 6.5 3 -0.269233 -0.0211941 
10 10 0 4 0.0371986 -0.307082 
10 10 6.5 5 0.0178868 -0.0466164 
0 10 0 6 0.478897 -0.317537 
0 10 6.5 7 0.435845 0.00550887 
0 5 10 8 0.36933 0.235289 
10 5 10 9 -0.106174 0.122174 
0 6 0 10 0.455391 -0.363506 
0 8 0 11 0.468255 -0.338349 
0 8 5 12 0.432148 -0.0637196 
0 6 5 13 0.416186 -0.0603449 
0 2 2.5 14 0.395256 -0.237439 
0 4 2.5 15 0.417605 -0.221489 
0 4 5 16 0.396668 -0.0562186 
0 2 5 17 0.37226 -0.0510583 
0.5 0.5 -0.5 18 0.361455 -0.510681 
0.5 0.5 6 19 0.299833 0.0272451 
10.5 0.5 -0.5 20 -0.254727 -0.438493 
10.5 0.5 6 21 -0.267916 -0.0543621 
10.5 10.5 -0.5 22 0.0307971 -0.323402 
10.5 10.5 6 23 0.0121496 -0.0683886 
0.5 10.5 -0.5 24 0.457842 -0.337496 
0.5 10.5 6 25 0.4169 -0.0227904 
0.5 5.5 9.5 26 0.348581 0.192914 
10.5 5.5 9.5 27 -0.109535 0.0921703 
0.5 6.5 -0.5 28 0.430933 -0.385844 
0.5 8.5 -0.5 29 0.445619 -0.359459 
0.5 8.5 4.5 30 0.411445 -0.0926555 
0.5 6.5 4.5 31 0.394026 -0.0921962 
0.5 2.5 2 32 0.368008 -0.270204 
0.5 4.5 2 33 0.392475 -0.251285 
0.5 4.5 4.5 34 0.372875 -0.0916384 
0.5 2.5 4.5 35 0.346649 -0.0909469 
