0 0 0 0 -0.0224325 -0.0667214 
0 0 6.5 1 -0.000181185 0.184865 
10 0 0 2 0.384813 -0.134028 
10 0 6.5 3 0.422524 0.165978 
10 10 0 4 0.31887 -0.260844 
10 10 6.5 5 0.381285 0.254378 
0 10 0 6 -0.287354 -0.126377 
0 10 6.5 7 -0.262167 0.260833 
0 5 10 8 -0.0894604 0.385942 
10 5 10 9 0.434146 0.413447 
0 6 0 10 -0.15363 -0.0962648 
0 8 0 11 -0.214096 -0.109881 
0 8 5 12 -0.194999 0.157047 
0 6 5 13 -0.134914 0.147146 
0 2 2.5 14 -0.0509318 0.0274165 
0 4 2.5 15 -0.0938637 0.0259036 
0 4 5 16 -0.0846722 0.138867 
0 2 5 17 -0.0420378 0.131841 
0.5 0.5 -0.5 18 -0.0155595 -0.0909921 
0.5 0.5 6 19 0.00740429 0.166292 
10.5 0.5 -0.5 20 0.404946 -0.16512 
10.5 0.5 6 21 0.44435 0.143019 
10.5 10.5 -0.5 22 0.350551 -0.321379 
10.5 10.5 6 23 0.41786 0.218301 
0.5 10.5 -0.5 24 -0.286687 -0.166215 
0.5 10.5 6 25 -0.260492 0.234664 
0.5 5.5 9.5 26 -0.0828073 0.369112 
10.5 5.5 9.5 27 0.463076 0.393177 
0.5 6.5 -0.5 28 -0.148953 -0.128001 
0.5 8.5 -0.5 29 -0.211008 -0.145218 
0.5 8.5 4.5 30 -0.191171 0.130115 
0.5 6.5 4.5 31 -0.12954 0.12238 
0.5 2.5 2 32 -0.0442176 0.00353501 
0.5 4.5 2 33 -0.0878182 -1.3269e-05 
0.5 4.5 4.5 34 -0.0782985 0.115949 
0.5 2.5 4.5 35 -0.0350225 0.110517 
