0 0 0 0 0.227777 -0.463056 
0 0 6.5 1 0.176299 0.162301 
10 0 0 2 -0.22683 -0.273835 
10 0 6.5 3 -0.267005 0.085775 
10 10 0 4 0.141563 -0.155284 
10 10 6.5 5 0.118635 0.110203 
0 10 0 6 0.589038 -0.218752 
0 10 6.5 7 0.567037 0.168086 
0 5 10 8 0.401245 0.43621 
10 5 10 9 -0.0608791 0.269565 
0 6 0 10 0.483585 -0.290065 
0 8 0 11 0.540668 -0.251462 
0 8 5 12 0.52139 0.0686112 
0 6 5 13 0.461195 0.0586121 
0 2 2.5 14 0.316108 -0.183442 
0 4 2.5 15 0.402154 -0.147298 
0 4 5 16 0.388774 0.0465822 
0 2 5 17 0.299983 0.031833 
0.5 0.5 -0.5 18 0.221872 -0.472417 
0.5 0.5 6 19 0.173686 0.109754 
10.5 0.5 -0.5 20 -0.212541 -0.286808 
10.5 0.5 6 21 -0.250776 0.0580966 
10.5 10.5 -0.5 22 0.141463 -0.168403 
10.5 10.5 6 23 0.119213 0.088986 
0.5 10.5 -0.5 24 0.5702 -0.234896 
0.5 10.5 6 25 0.548677 0.134983 
0.5 5.5 9.5 26 0.387153 0.380437 
10.5 5.5 9.5 27 -0.054024 0.239433 
0.5 6.5 -0.5 28 0.46668 -0.305486 
0.5 8.5 -0.5 29 0.522525 -0.267406 
0.5 8.5 4.5 30 0.503763 0.0376204 
0.5 6.5 4.5 31 0.445035 0.0254075 
0.5 2.5 2 32 0.305458 -0.208679 
0.5 4.5 2 33 0.387854 -0.172099 
0.5 4.5 4.5 34 0.375033 0.0108501 
0.5 2.5 4.5 35 0.290167 -0.00679837 
