0 0 0 0 0.25651 -0.0279676 
0 0 6.5 1 0.26464 0.349639 
10 0 0 2 -0.20564 -0.18955 
10 0 6.5 3 -0.250519 0.442877 
10 10 0 4 -0.535556 -0.0542335 
10 10 6.5 5 -0.586721 0.32806 
0 10 0 6 -0.105718 0.0245294 
0 10 6.5 7 -0.118949 0.296153 
0 5 10 8 0.0369746 0.505131 
10 5 10 9 -0.494792 0.666447 
0 6 0 10 0.0124642 0.00740148 
0 8 0 11 -0.0500478 0.0164612 
0 8 5 12 -0.0583547 0.235016 
0 6 5 13 0.00643881 0.239582 
0 2 2.5 14 0.164204 0.114764 
0 4 2.5 15 0.0816786 0.118056 
0 4 5 16 0.0801245 0.244775 
0 2 5 17 0.164668 0.250733 
0.5 0.5 -0.5 18 0.21714 -0.0561852 
0.5 0.5 6 19 0.222341 0.317545 
10.5 0.5 -0.5 20 -0.266911 -0.234705 
10.5 0.5 6 21 -0.31917 0.386797 
10.5 10.5 -0.5 22 -0.571982 -0.0827929 
10.5 10.5 6 23 -0.625619 0.295507 
0.5 10.5 -0.5 24 -0.133178 0.00383714 
0.5 10.5 6 25 -0.1478 0.273451 
0.5 5.5 9.5 26 0.00150205 0.476865 
10.5 5.5 9.5 27 -0.546903 0.62115 
0.5 6.5 -0.5 28 -0.0187874 -0.0157622 
0.5 8.5 -0.5 29 -0.0792822 -0.00539716 
0.5 8.5 4.5 30 -0.0887921 0.211455 
0.5 6.5 4.5 31 -0.0261918 0.214497 
0.5 2.5 2 32 0.127054 0.0872498 
0.5 4.5 2 33 0.0473354 0.0923657 
0.5 4.5 4.5 34 0.0449646 0.217954 
0.5 2.5 4.5 35 0.12656 0.221919 
