0 0 0 0 0.0319023 -0.248818 
0 0 6.5 1 -0.00523804 0.441336 
10 0 0 2 -0.245882 -0.0708476 
10 0 6.5 3 -0.281581 0.289905 
10 10 0 4 0.176854 -0.00137736 
10 10 6.5 5 0.168962 0.285773 
0 10 0 6 0.613325 -0.0810192 
0 10 6.5 7 0.634496 0.381842 
0 5 10 8 0.384229 0.74936 
10 5 10 9 -0.0404403 0.474362 
0 6 0 10 0.432533 -0.133196 
0 8 0 11 0.529174 -0.105305 
0 8 5 12 0.541019 0.268597 
0 6 5 13 0.438715 0.268444 
0 2 2.5 14 0.182739 0.023046 
0 4 2.5 15 0.319624 0.0435936 
0 4 5 16 0.318792 0.268264 
0 2 5 17 0.176272 0.268051 
0.5 0.5 -0.5 18 0.0500805 -0.265919 
0.5 0.5 6 19 0.0178426 0.368547 
10.5 0.5 -0.5 20 -0.225033 -0.0872233 
10.5 0.5 6 21 -0.258051 0.257746 
10.5 10.5 -0.5 22 0.180409 -0.016691 
10.5 10.5 6 23 0.172939 0.260383 
0.5 10.5 -0.5 24 0.597645 -0.101023 
0.5 10.5 6 25 0.61655 0.336189 
0.5 5.5 9.5 26 0.378096 0.667806 
10.5 5.5 9.5 27 -0.0280445 0.438187 
0.5 6.5 -0.5 28 0.424678 -0.153111 
0.5 8.5 -0.5 29 0.516827 -0.125361 
0.5 8.5 4.5 30 0.527283 0.226812 
0.5 6.5 4.5 31 0.42999 0.22355 
0.5 2.5 2 32 0.189963 -0.0114005 
0.5 4.5 2 33 0.317851 0.0105646 
0.5 4.5 4.5 34 0.31701 0.219763 
0.5 2.5 4.5 35 0.184217 0.215312 
