0 0 0 0 -0.626586 -0.299348 
0 0 6.5 1 -0.569103 0.279519 
10 0 0 2 -0.249305 -0.1668 
10 0 6.5 3 -0.21855 0.140958 
10 10 0 4 0.236482 -0.233343 
10 10 6.5 5 0.270349 0.102704 
0 10 0 6 0.296415 -0.460461 
0 10 6.5 7 0.365826 0.22731 
0 5 10 8 -0.107974 0.594724 
10 5 10 9 0.0325167 0.295818 
0 6 0 10 -0.111564 -0.389247 
0 8 0 11 0.0850244 -0.423562 
0 8 5 12 0.136279 0.0861736 
0 6 5 13 -0.0622725 0.102656 
0 2 2.5 14 -0.443264 -0.0975765 
0 4 2.5 15 -0.271126 -0.119713 
0 4 5 16 -0.24738 0.118023 
0 2 5 17 -0.420364 0.132383 
0.5 0.5 -0.5 18 -0.559132 -0.336794 
0.5 0.5 6 19 -0.503592 0.221806 
10.5 0.5 -0.5 20 -0.219959 -0.189546 
10.5 0.5 6 21 -0.18977 0.112388 
10.5 10.5 -0.5 22 0.258476 -0.25677 
10.5 10.5 6 23 0.291658 0.0723462 
0.5 10.5 -0.5 24 0.338 -0.498024 
0.5 10.5 6 25 0.404594 0.161323 
0.5 5.5 9.5 26 -0.054457 0.520258 
10.5 5.5 9.5 27 0.0575992 0.262955 
0.5 6.5 -0.5 28 -0.0570955 -0.427019 
0.5 8.5 -0.5 29 0.13357 -0.461285 
0.5 8.5 4.5 30 0.182825 0.0281238 
0.5 6.5 4.5 31 -0.00965592 0.045928 
0.5 2.5 2 32 -0.380261 -0.143488 
0.5 4.5 2 33 -0.212474 -0.166297 
0.5 4.5 4.5 34 -0.189589 0.0625715 
0.5 2.5 4.5 35 -0.358162 0.0781643 
