0 0 0 0 0.280784 -0.323987 
0 0 6.5 1 0.245415 -0.00358754 
10 0 0 2 0.639808 -0.572845 
10 0 6.5 3 0.558315 0.0566898 
10 10 0 4 -0.363253 -0.727106 
10 10 6.5 5 -0.412837 -0.0302863 
0 10 0 6 -0.221277 -0.386339 
0 10 6.5 7 -0.248509 -0.0493686 
0 5 10 8 -0.0122425 0.145779 
10 5 10 9 0.0611185 0.351062 
0 6 0 10 -0.014677 -0.360681 
0 8 0 11 -0.116977 -0.373386 
0 8 5 12 -0.139383 -0.115678 
0 6 5 13 -0.0383898 -0.105595 
0 2 2.5 14 0.170969 -0.210072 
0 4 2.5 15 0.0731044 -0.221024 
0 4 5 16 0.0607134 -0.0957012 
0 2 5 17 0.15798 -0.0859906 
0.5 0.5 -0.5 18 0.268373 -0.359392 
0.5 0.5 6 19 0.232228 -0.0291137 
10.5 0.5 -0.5 20 0.635948 -0.659489 
10.5 0.5 6 21 0.549946 0.00933016 
10.5 10.5 -0.5 22 -0.433545 -0.833244 
10.5 10.5 6 23 -0.483287 -0.0880196 
0.5 10.5 -0.5 24 -0.249748 -0.425444 
0.5 10.5 6 25 -0.277227 -0.0775337 
0.5 5.5 9.5 26 -0.0331012 0.124258 
10.5 5.5 9.5 27 0.023353 0.3197 
0.5 6.5 -0.5 28 -0.0363596 -0.398241 
0.5 8.5 -0.5 29 -0.14199 -0.411707 
0.5 8.5 4.5 30 -0.164681 -0.145684 
0.5 6.5 4.5 31 -0.0604446 -0.13501 
0.5 2.5 2 32 0.155312 -0.242208 
0.5 4.5 2 33 0.0543972 -0.253797 
0.5 4.5 4.5 34 0.0417837 -0.124542 
0.5 2.5 4.5 35 0.142062 -0.114274 
