0 0 0 0 0.282094 -0.250604 
0 0 6.5 1 0.25185 0.0980039 
10 0 0 2 0.120333 -0.572664 
10 0 6.5 3 0.0555326 0.108407 
10 10 0 4 -0.578355 -0.450513 
10 10 6.5 5 -0.637584 0.0219411 
0 10 0 6 -0.167473 -0.235975 
0 10 6.5 7 -0.197696 0.0483733 
0 5 10 8 -0.0126064 0.242885 
10 5 10 9 -0.389851 0.369166 
0 6 0 10 -0.00889895 -0.241135 
0 8 0 11 -0.0911909 -0.238457 
0 8 5 12 -0.114508 -0.0120276 
0 6 5 13 -0.0322996 -0.00572115 
0 2 2.5 14 0.165187 -0.120034 
0 4 2.5 15 0.0684953 -0.122114 
0 4 5 16 0.0567235 0.00110814 
0 2 5 17 0.153446 0.00852804 
0.5 0.5 -0.5 18 0.252385 -0.284783 
0.5 0.5 6 19 0.221309 0.0676262 
10.5 0.5 -0.5 20 0.0577279 -0.647972 
10.5 0.5 6 21 -0.0106181 0.0477303 
10.5 10.5 -0.5 22 -0.633291 -0.500527 
10.5 10.5 6 23 -0.694691 -0.0210773 
0.5 10.5 -0.5 24 -0.196184 -0.263705 
0.5 10.5 6 25 -0.227072 0.0231667 
0.5 5.5 9.5 26 -0.0431737 0.217056 
10.5 5.5 9.5 27 -0.453493 0.324519 
0.5 6.5 -0.5 28 -0.0381903 -0.271129 
0.5 8.5 -0.5 29 -0.120212 -0.267275 
0.5 8.5 4.5 30 -0.144062 -0.0387652 
0.5 6.5 4.5 31 -0.0621492 -0.0334659 
0.5 2.5 2 32 0.13523 -0.151381 
0.5 4.5 2 33 0.0386975 -0.152178 
0.5 4.5 4.5 34 0.0266313 -0.0277222 
0.5 2.5 4.5 35 0.123181 -0.021476 
