0 0 0 0 0.276737 -0.284255 
0 0 6.5 1 0.31892 0.115286 
10 0 0 2 -0.375275 -0.26893 
10 0 6.5 3 -0.331114 0.203729 
10 10 0 4 -0.325011 -0.139583 
10 10 6.5 5 -0.298948 0.13727 
0 10 0 6 0.0784232 -0.161596 
0 10 6.5 7 0.103843 0.0884536 
0 5 10 8 0.203756 0.265855 
10 5 10 9 -0.292985 0.351682 
0 6 0 10 0.136827 -0.197719 
0 8 0 11 0.105265 -0.178198 
0 8 5 12 0.126486 0.0294652 
0 6 5 13 0.160054 0.0281958 
0 2 2.5 14 0.23443 -0.112556 
0 4 2.5 15 0.187268 -0.0974456 
0 4 5 16 0.200122 0.0266805 
0 2 5 17 0.248782 0.0248404 
0.5 0.5 -0.5 18 0.231115 -0.303872 
0.5 0.5 6 19 0.272022 0.0865724 
10.5 0.5 -0.5 20 -0.411877 -0.292407 
10.5 0.5 6 21 -0.369195 0.167575 
10.5 10.5 -0.5 22 -0.347491 -0.155509 
10.5 10.5 6 23 -0.321949 0.116946 
0.5 10.5 -0.5 24 0.0524035 -0.175706 
0.5 10.5 6 25 0.077346 0.0707508 
0.5 5.5 9.5 26 0.169404 0.240983 
10.5 5.5 9.5 27 -0.322118 0.321824 
0.5 6.5 -0.5 28 0.105345 -0.213674 
0.5 8.5 -0.5 29 0.0767675 -0.193179 
0.5 8.5 4.5 30 0.0975575 0.0112663 
0.5 6.5 4.5 31 0.128058 0.00843784 
0.5 2.5 2 32 0.194321 -0.133595 
0.5 4.5 2 33 0.151817 -0.116762 
0.5 4.5 4.5 34 0.164358 0.00507146 
0.5 2.5 4.5 35 0.208286 0.000997682 
