0 0 0 0 -0.709344 -0.500189 
0 0 6.5 1 -0.628217 0.0315366 
10 0 0 2 -0.241848 -0.342218 
10 0 6.5 3 -0.209518 -0.0398697 
10 10 0 4 0.234124 -0.432207 
10 10 6.5 5 0.254903 -0.070232 
0 10 0 6 0.093848 -0.751277 
0 10 6.5 7 0.14584 -0.0026437 
0 5 10 8 -0.266342 0.320896 
10 5 10 9 0.0170944 0.114605 
0 6 0 10 -0.2943 -0.629937 
0 8 0 11 -0.114695 -0.686084 
0 8 5 12 -0.0656596 -0.14505 
0 6 5 13 -0.239472 -0.127376 
0 2 2.5 14 -0.556418 -0.313191 
0 4 2.5 15 -0.420487 -0.340818 
0 4 5 16 -0.391793 -0.111886 
0 2 5 17 -0.526378 -0.098201 
0.5 0.5 -0.5 18 -0.647125 -0.537628 
0.5 0.5 6 19 -0.570784 -0.0137345 
10.5 0.5 -0.5 20 -0.211621 -0.365277 
10.5 0.5 6 21 -0.180569 -0.0654683 
10.5 10.5 -0.5 22 0.263835 -0.458478 
10.5 10.5 6 23 0.283266 -0.100151 
0.5 10.5 -0.5 24 0.158669 -0.796579 
0.5 10.5 6 25 0.20468 -0.0635166 
0.5 5.5 9.5 26 -0.209641 0.264357 
10.5 5.5 9.5 27 0.0453328 0.0855732 
0.5 6.5 -0.5 28 -0.229164 -0.671944 
0.5 8.5 -0.5 29 -0.0493414 -0.729732 
0.5 8.5 4.5 30 -0.00490577 -0.199297 
0.5 6.5 4.5 31 -0.178758 -0.178522 
0.5 2.5 2 32 -0.49504 -0.355756 
0.5 4.5 2 33 -0.35822 -0.385428 
0.5 4.5 4.5 34 -0.331564 -0.160261 
0.5 2.5 4.5 35 -0.466929 -0.144085 
