0 0 0 0 -0.72009 -0.557176 
0 0 6.5 1 -0.636775 -0.0346122 
10 0 0 2 -0.234272 -0.391123 
10 0 6.5 3 -0.203646 -0.08805 
10 10 0 4 0.237905 -0.488343 
10 10 6.5 5 0.253007 -0.115782 
0 10 0 6 0.0352517 -0.837172 
0 10 6.5 7 0.0839446 -0.0668627 
0 5 10 8 -0.303916 0.249527 
10 5 10 9 0.0150017 0.0679672 
0 6 0 10 -0.338321 -0.698694 
0 8 0 11 -0.167515 -0.762009 
0 8 5 12 -0.118707 -0.209885 
0 6 5 13 -0.28252 -0.191312 
0 2 2.5 14 -0.577626 -0.373569 
0 4 2.5 15 -0.453078 -0.40298 
0 4 5 16 -0.423782 -0.175296 
0 2 5 17 -0.546849 -0.161343 
0.5 0.5 -0.5 18 -0.659968 -0.594707 
0.5 0.5 6 19 -0.5817 -0.0772196 
10.5 0.5 -0.5 20 -0.203731 -0.41435 
10.5 0.5 6 21 -0.174532 -0.112975 
10.5 10.5 -0.5 22 0.270118 -0.515681 
10.5 10.5 6 23 0.283573 -0.145706 
0.5 10.5 -0.5 24 0.10603 -0.885626 
0.5 10.5 6 25 0.147311 -0.126534 
0.5 5.5 9.5 26 -0.247241 0.196944 
10.5 5.5 9.5 27 0.044204 0.0398286 
0.5 6.5 -0.5 28 -0.271447 -0.742264 
0.5 8.5 -0.5 29 -0.0985262 -0.807937 
0.5 8.5 4.5 30 -0.0551848 -0.263332 
0.5 6.5 4.5 31 -0.220711 -0.241207 
0.5 2.5 2 32 -0.517493 -0.415434 
0.5 4.5 2 33 -0.390871 -0.447262 
0.5 4.5 4.5 34 -0.363826 -0.222077 
0.5 2.5 4.5 35 -0.488793 -0.205373 
