0 0 0 0 -0.180716 -0.318463 
0 0 6.5 1 -0.205215 0.361006 
10 0 0 2 -0.247416 -0.0669938 
10 0 6.5 3 -0.264024 0.279749 
10 10 0 4 0.212163 -0.0328615 
10 10 6.5 5 0.226044 0.267704 
0 10 0 6 0.594634 -0.203033 
0 10 6.5 7 0.6618 0.318981 
0 5 10 8 0.312546 0.721059 
10 5 10 9 -0.000157858 0.464888 
0 6 0 10 0.330636 -0.242336 
0 8 0 11 0.468872 -0.221756 
0 8 5 12 0.510902 0.188308 
0 6 5 13 0.362264 0.188042 
0 2 2.5 14 0.00961515 -0.0631221 
0 4 2.5 15 0.186861 -0.0491275 
0 4 5 16 0.196611 0.187745 
0 2 5 17 0.0108423 0.187412 
0.5 0.5 -0.5 18 -0.138445 -0.331394 
0.5 0.5 6 19 -0.155348 0.295201 
10.5 0.5 -0.5 20 -0.222422 -0.0828303 
10.5 0.5 6 21 -0.236688 0.249694 
10.5 10.5 -0.5 22 0.21976 -0.047741 
10.5 10.5 6 23 0.233637 0.24209 
0.5 10.5 -0.5 24 0.587505 -0.219208 
0.5 10.5 6 25 0.65007 0.271126 
0.5 5.5 9.5 26 0.322643 0.635147 
10.5 5.5 9.5 27 0.016502 0.429277 
0.5 6.5 -0.5 28 0.337868 -0.257786 
0.5 8.5 -0.5 29 0.468263 -0.237635 
0.5 8.5 4.5 30 0.507771 0.147003 
0.5 6.5 4.5 31 0.368163 0.144656 
0.5 2.5 2 32 0.0390385 -0.092714 
0.5 4.5 2 33 0.203735 -0.0780764 
0.5 4.5 4.5 34 0.213614 0.142057 
0.5 2.5 4.5 35 0.0415901 0.139164 
