0 0 0 0 0.291129 -0.275822 
0 0 6.5 1 0.253248 0.0708588 
10 0 0 2 0.276482 -0.553996 
10 0 6.5 3 0.200087 0.157557 
10 10 0 4 -0.58961 -0.50845 
10 10 6.5 5 -0.62801 0.0334882 
0 10 0 6 -0.19116 -0.287969 
0 10 6.5 7 -0.217806 0.0128494 
0 5 10 8 -0.0156923 0.209592 
10 5 10 9 -0.297155 0.405386 
0 6 0 10 -0.0146942 -0.283525 
0 8 0 11 -0.105366 -0.285809 
0 8 5 12 -0.127361 -0.0473932 
0 6 5 13 -0.0382591 -0.038428 
0 2 2.5 14 0.169384 -0.147994 
0 4 2.5 15 0.0685725 -0.154342 
0 4 5 16 0.0559998 -0.0289439 
0 2 5 17 0.155877 -0.0188946 
0.5 0.5 -0.5 18 0.265379 -0.311017 
0.5 0.5 6 19 0.227159 0.042852 
10.5 0.5 -0.5 20 0.221709 -0.639445 
10.5 0.5 6 21 0.143993 0.10305 
10.5 10.5 -0.5 22 -0.657336 -0.571141 
10.5 10.5 6 23 -0.695286 -0.0114439 
0.5 10.5 -0.5 24 -0.221507 -0.318557 
0.5 10.5 6 25 -0.248197 -0.0123414 
0.5 5.5 9.5 26 -0.0444659 0.186259 
10.5 5.5 9.5 27 -0.361529 0.367482 
0.5 6.5 -0.5 28 -0.0436548 -0.315803 
0.5 8.5 -0.5 29 -0.135081 -0.317218 
0.5 8.5 4.5 30 -0.157144 -0.0743948 
0.5 6.5 4.5 31 -0.0673256 -0.0660446 
0.5 2.5 2 32 0.142279 -0.179513 
0.5 4.5 2 33 0.0404321 -0.185042 
0.5 4.5 4.5 34 0.0277859 -0.0572022 
0.5 2.5 4.5 35 0.128672 -0.0478231 
