0 0 0 0 0.365411 -0.525685 
0 0 6.5 1 0.296746 0.0682564 
10 0 0 2 -0.233814 -0.407193 
10 0 6.5 3 -0.262425 -0.0233418 
10 10 0 4 0.0860919 -0.2769 
10 10 6.5 5 0.0605772 -0.0162041 
0 10 0 6 0.534371 -0.303326 
0 10 6.5 7 0.489986 0.0397802 
0 5 10 8 0.390768 0.273681 
10 5 10 9 -0.0850652 0.142523 
0 6 0 10 0.487463 -0.365059 
0 8 0 11 0.513088 -0.331336 
0 8 5 12 0.476076 -0.041291 
0 6 5 13 0.447338 -0.0453421 
0 2 2.5 14 0.392114 -0.254584 
0 4 2.5 15 0.433851 -0.226113 
0 4 5 16 0.412237 -0.0502902 
0 2 5 17 0.368395 -0.0564706 
0.5 0.5 -0.5 18 0.340438 -0.543722 
0.5 0.5 6 19 0.276559 0.0179574 
10.5 0.5 -0.5 20 -0.227496 -0.423504 
10.5 0.5 6 21 -0.255216 -0.0533871 
10.5 10.5 -0.5 22 0.0821054 -0.291513 
10.5 10.5 6 23 0.057315 -0.0372222 
0.5 10.5 -0.5 24 0.513846 -0.321575 
0.5 10.5 6 25 0.471422 0.0105234 
0.5 5.5 9.5 26 0.371999 0.228099 
10.5 5.5 9.5 27 -0.0845249 0.11324 
0.5 6.5 -0.5 28 0.464838 -0.384358 
0.5 8.5 -0.5 29 0.491526 -0.350169 
0.5 8.5 4.5 30 0.456287 -0.070322 
0.5 6.5 4.5 31 0.426804 -0.0769898 
0.5 2.5 2 32 0.369139 -0.283781 
0.5 4.5 2 33 0.411472 -0.253455 
0.5 4.5 4.5 34 0.391079 -0.0850688 
0.5 2.5 4.5 35 0.346898 -0.0950604 
