0 0 0 0 0.257416 -0.108654 
0 0 6.5 1 0.288251 0.267173 
10 0 0 2 -0.294908 -0.228992 
10 0 6.5 3 -0.310166 0.328874 
10 10 0 4 -0.462655 -0.0528383 
10 10 6.5 5 -0.482358 0.280654 
0 10 0 6 -0.0444178 -0.00851489 
0 10 6.5 7 -0.0386804 0.250149 
0 5 10 8 0.101434 0.437646 
10 5 10 9 -0.431402 0.55286 
0 6 0 10 0.0507188 -0.0400783 
0 8 0 11 1.07343e-05 -0.0232549 
0 8 5 12 0.00647681 0.186362 
0 6 5 13 0.0598718 0.184265 
0 2 2.5 14 0.185562 0.0452216 
0 4 2.5 15 0.115309 0.0584135 
0 4 5 16 0.12177 0.181834 
0 2 5 17 0.194377 0.178982 
0.5 0.5 -0.5 18 0.215032 -0.132142 
0.5 0.5 6 19 0.242385 0.23727 
10.5 0.5 -0.5 20 -0.347388 -0.261234 
10.5 0.5 6 21 -0.368149 0.28254 
10.5 10.5 -0.5 22 -0.492787 -0.0742336 
10.5 10.5 6 23 -0.514209 0.25422 
0.5 10.5 -0.5 24 -0.0713491 -0.0255983 
0.5 10.5 6 25 -0.0669939 0.230028 
0.5 5.5 9.5 26 0.0651117 0.410917 
10.5 5.5 9.5 27 -0.474251 0.513957 
0.5 6.5 -0.5 28 0.0191407 -0.0592636 
0.5 8.5 -0.5 29 -0.0290649 -0.0413295 
0.5 8.5 4.5 30 -0.0238263 0.165685 
0.5 6.5 4.5 31 0.0268427 0.162098 
0.5 2.5 2 32 0.146458 0.0214269 
0.5 4.5 2 33 0.0799272 0.0363176 
0.5 4.5 4.5 34 0.0854969 0.157945 
0.5 2.5 4.5 35 0.154185 0.153082 
