0 0 0 0 0.396021 -0.485926 
0 0 6.5 1 0.330195 0.0721299 
10 0 0 2 -0.259863 -0.422862 
10 0 6.5 3 -0.270543 -0.0238935 
10 10 0 4 0.0282433 -0.314057 
10 10 6.5 5 0.0104306 -0.0533715 
0 10 0 6 0.46893 -0.32397 
0 10 6.5 7 0.426946 -0.00367555 
0 5 10 8 0.36586 0.224687 
10 5 10 9 -0.109847 0.116762 
0 6 0 10 0.448919 -0.368422 
0 8 0 11 0.459872 -0.344091 
0 8 5 12 0.424612 -0.0716383 
0 6 5 13 0.410595 -0.0676452 
0 2 2.5 14 0.394539 -0.241328 
0 4 2.5 15 0.413923 -0.226529 
0 4 5 16 0.393457 -0.0627632 
0 2 5 17 0.372027 -0.0566584 
0.5 0.5 -0.5 18 0.363129 -0.51234 
0.5 0.5 6 19 0.302787 0.0218674 
10.5 0.5 -0.5 20 -0.259955 -0.444008 
10.5 0.5 6 21 -0.27027 -0.0573747 
10.5 10.5 -0.5 22 0.0214013 -0.330548 
10.5 10.5 6 23 0.00424156 -0.0751749 
0.5 10.5 -0.5 24 0.447741 -0.343982 
0.5 10.5 6 25 0.407861 -0.0316656 
0.5 5.5 9.5 26 0.344731 0.183007 
10.5 5.5 9.5 27 -0.113894 0.0867544 
0.5 6.5 -0.5 28 0.424148 -0.390927 
0.5 8.5 -0.5 29 0.437026 -0.365302 
0.5 8.5 4.5 30 0.403698 -0.100345 
0.5 6.5 4.5 31 0.388124 -0.0992648 
0.5 2.5 2 32 0.366625 -0.274188 
0.5 4.5 2 33 0.388337 -0.256345 
0.5 4.5 4.5 34 0.369211 -0.0979524 
0.5 2.5 4.5 35 0.345757 -0.096325 
