0 0 0 0 0.131016 -0.41931 
0 0 6.5 1 0.137559 -0.12997 
10 0 0 2 0.614219 -0.56723 
10 0 6.5 3 0.589418 -0.124588 
10 10 0 4 0.131794 -0.78755 
10 10 6.5 5 0.147323 -0.0548063 
0 10 0 6 -0.296939 -0.482986 
0 10 6.5 7 -0.26084 -0.0927524 
0 5 10 8 -0.0244742 0.0502508 
10 5 10 9 0.412416 0.160991 
0 6 0 10 -0.0936334 -0.452736 
0 8 0 11 -0.188503 -0.466852 
0 8 5 12 -0.167181 -0.18231 
0 6 5 13 -0.0777565 -0.185831 
0 2 2.5 14 0.0685263 -0.308102 
0 4 2.5 15 -0.0040569 -0.311958 
0 4 5 16 0.00157605 -0.188955 
0 2 5 17 0.0724336 -0.191745 
0.5 0.5 -0.5 18 0.130484 -0.450951 
0.5 0.5 6 19 0.137275 -0.15025 
10.5 0.5 -0.5 20 0.640245 -0.624835 
10.5 0.5 6 21 0.612212 -0.155109 
10.5 10.5 -0.5 22 0.130424 -0.90917 
10.5 10.5 6 23 0.14744 -0.0992258 
0.5 10.5 -0.5 24 -0.318624 -0.529609 
0.5 10.5 6 25 -0.279426 -0.118428 
0.5 5.5 9.5 26 -0.0309043 0.0344434 
10.5 5.5 9.5 27 0.42865 0.142213 
0.5 6.5 -0.5 28 -0.103834 -0.49199 
0.5 8.5 -0.5 29 -0.203737 -0.509487 
0.5 8.5 4.5 30 -0.180748 -0.210538 
0.5 6.5 4.5 31 -0.0868456 -0.212445 
0.5 2.5 2 32 0.0656707 -0.336771 
0.5 4.5 2 33 -0.00992075 -0.342494 
0.5 4.5 4.5 34 -0.0039461 -0.214129 
0.5 2.5 4.5 35 0.0697773 -0.215627 
