0 0 0 0 0.22119 -0.391812 
0 0 6.5 1 0.201316 -0.0858971 
10 0 0 2 0.706506 -0.528496 
10 0 6.5 3 0.628333 -0.00479114 
10 10 0 4 -0.0703317 -0.714866 
10 10 6.5 5 -0.0790442 0.047245 
0 10 0 6 -0.260493 -0.450336 
0 10 6.5 7 -0.252208 -0.0761871 
0 5 10 8 -0.00809777 0.0833432 
10 5 10 9 0.308651 0.298398 
0 6 0 10 -0.0439245 -0.424023 
0 8 0 11 -0.147539 -0.436612 
0 8 5 12 -0.147013 -0.156939 
0 6 5 13 -0.0484258 -0.155961 
0 2 2.5 14 0.133228 -0.275139 
0 4 2.5 15 0.0469761 -0.280683 
0 4 5 16 0.0426973 -0.155058 
0 2 5 17 0.127173 -0.15422 
0.5 0.5 -0.5 18 0.216959 -0.424175 
0.5 0.5 6 19 0.196649 -0.105957 
10.5 0.5 -0.5 20 0.730362 -0.595172 
10.5 0.5 6 21 0.645285 -0.0343523 
10.5 10.5 -0.5 22 -0.110408 -0.83426 
10.5 10.5 6 23 -0.114182 0.00896645 
0.5 10.5 -0.5 24 -0.287278 -0.492938 
0.5 10.5 6 25 -0.276774 -0.100235 
0.5 5.5 9.5 26 -0.0206556 0.0681682 
10.5 5.5 9.5 27 0.306747 0.28521 
0.5 6.5 -0.5 28 -0.0595455 -0.461882 
0.5 8.5 -0.5 29 -0.168292 -0.476712 
0.5 8.5 4.5 30 -0.166657 -0.183611 
0.5 6.5 4.5 31 -0.0634375 -0.181505 
0.5 2.5 2 32 0.1257 -0.303695 
0.5 4.5 2 33 0.0358463 -0.3106 
0.5 4.5 4.5 34 0.0316762 -0.179565 
0.5 2.5 4.5 35 0.119603 -0.177771 
