0 0 0 0 -0.063116 -0.0372072 
0 0 6.5 1 -0.0482952 0.214343 
10 0 0 2 0.335235 -0.0901399 
10 0 6.5 3 0.369231 0.194884 
10 10 0 4 0.325562 -0.236203 
10 10 6.5 5 0.383682 0.246254 
0 10 0 6 -0.291485 -0.126761 
0 10 6.5 7 -0.281565 0.266987 
0 5 10 8 -0.13036 0.411992 
10 5 10 9 0.399609 0.423253 
0 6 0 10 -0.175299 -0.0811991 
0 8 0 11 -0.227602 -0.101709 
0 8 5 12 -0.218269 0.167098 
0 6 5 13 -0.164925 0.163103 
0 2 2.5 14 -0.0892475 0.0521233 
0 4 2.5 15 -0.126307 0.0460025 
0 4 5 16 -0.120744 0.159794 
0 2 5 17 -0.0835525 0.157009 
0.5 0.5 -0.5 18 -0.0538406 -0.0615815 
0.5 0.5 6 19 -0.0383334 0.194644 
10.5 0.5 -0.5 20 0.355556 -0.119212 
10.5 0.5 6 21 0.391314 0.171817 
10.5 10.5 -0.5 22 0.359881 -0.291988 
10.5 10.5 6 23 0.423279 0.207889 
0.5 10.5 -0.5 24 -0.284615 -0.168107 
0.5 10.5 6 25 -0.273916 0.237209 
0.5 5.5 9.5 26 -0.120072 0.392647 
10.5 5.5 9.5 27 0.429693 0.400577 
0.5 6.5 -0.5 28 -0.166515 -0.113592 
0.5 8.5 -0.5 29 -0.219501 -0.138051 
0.5 8.5 4.5 30 -0.209535 0.137726 
0.5 6.5 4.5 31 -0.155514 0.136455 
0.5 2.5 2 32 -0.0797031 0.027528 
0.5 4.5 2 33 -0.116883 0.01912 
0.5 4.5 4.5 34 -0.111013 0.135409 
0.5 2.5 4.5 35 -0.0737211 0.134532 
