0 0 0 0 0.245854 -0.484897 
0 0 6.5 1 0.192428 0.136569 
10 0 0 2 -0.225261 -0.296277 
10 0 6.5 3 -0.265118 0.0646506 
10 10 0 4 0.137854 -0.173119 
10 10 6.5 5 0.113989 0.091149 
0 10 0 6 0.586051 -0.234761 
0 10 6.5 7 0.560663 0.146546 
0 5 10 8 0.402259 0.407384 
10 5 10 9 -0.0622881 0.248458 
0 6 0 10 0.48733 -0.307348 
0 8 0 11 0.540829 -0.268012 
0 8 5 12 0.518966 0.0482507 
0 6 5 13 0.462436 0.0376625 
0 2 2.5 14 0.327639 -0.204002 
0 4 2.5 15 0.408815 -0.166778 
0 4 5 16 0.394285 0.0248977 
0 2 5 17 0.310518 0.00920803 
0.5 0.5 -0.5 18 0.237728 -0.493938 
0.5 0.5 6 19 0.187643 0.0854114 
10.5 0.5 -0.5 20 -0.211706 -0.309071 
10.5 0.5 6 21 -0.249723 0.0372397 
10.5 10.5 -0.5 22 0.137376 -0.186132 
10.5 10.5 6 23 0.114204 0.0702158 
0.5 10.5 -0.5 24 0.566972 -0.250718 
0.5 10.5 6 25 0.542273 0.114315 
0.5 5.5 9.5 26 0.387567 0.353474 
10.5 5.5 9.5 27 -0.0560355 0.218769 
0.5 6.5 -0.5 28 0.469687 -0.322585 
0.5 8.5 -0.5 29 0.522227 -0.283772 
0.5 8.5 4.5 30 0.501047 0.0179823 
0.5 6.5 4.5 31 0.445703 0.00523078 
0.5 2.5 2 32 0.315468 -0.228746 
0.5 4.5 2 33 0.393489 -0.191123 
0.5 4.5 4.5 34 0.379592 -0.0100011 
0.5 2.5 4.5 35 0.299238 -0.028515 
