0 0 0 0 -0.24975 -0.366975 
0 0 6.5 1 -0.268692 0.293731 
10 0 0 2 -0.247857 -0.0918633 
10 0 6.5 3 -0.256903 0.246905 
10 10 0 4 0.218668 -0.071196 
10 10 6.5 5 0.238832 0.230739 
0 10 0 6 0.571329 -0.27931 
0 10 6.5 7 0.647804 0.254217 
0 5 10 8 0.268186 0.654708 
10 5 10 9 0.0100369 0.427808 
0 6 0 10 0.28261 -0.310136 
0 8 0 11 0.432563 -0.294126 
0 8 5 12 0.480246 0.121553 
0 6 5 13 0.318757 0.122364 
0 2 2.5 14 -0.0539725 -0.122243 
0 4 2.5 15 0.130731 -0.112349 
0 4 5 16 0.142414 0.123251 
0 2 5 17 -0.0509314 0.124222 
0.5 0.5 -0.5 18 -0.201113 -0.378757 
0.5 0.5 6 19 -0.212351 0.233112 
10.5 0.5 -0.5 20 -0.22197 -0.107445 
10.5 0.5 6 21 -0.228991 0.218103 
10.5 10.5 -0.5 22 0.227752 -0.0858028 
10.5 10.5 6 23 0.2478 0.205589 
0.5 10.5 -0.5 24 0.568566 -0.29358 
0.5 10.5 6 25 0.640344 0.207715 
0.5 5.5 9.5 26 0.285222 0.572451 
10.5 5.5 9.5 27 0.0278792 0.393377 
0.5 6.5 -0.5 28 0.295833 -0.323762 
0.5 8.5 -0.5 29 0.437197 -0.308118 
0.5 8.5 4.5 30 0.482472 0.0821082 
0.5 6.5 4.5 31 0.330907 0.0812416 
0.5 2.5 2 32 -0.0176798 -0.149562 
0.5 4.5 2 33 0.154297 -0.139144 
0.5 4.5 4.5 34 0.166287 0.0803003 
0.5 2.5 4.5 35 -0.0131517 0.0792743 
