0 0 0 0 0.0321406 -0.243822 
0 0 6.5 1 0.0570956 0.0138646 
10 0 0 2 0.461158 -0.35031 
10 0 6.5 3 0.488783 -0.0119952 
10 10 0 4 0.262302 -0.525777 
10 10 6.5 5 0.313483 0.0558515 
0 10 0 6 -0.299091 -0.307866 
0 10 6.5 7 -0.258212 0.0703214 
0 5 10 8 -0.0543862 0.19914 
10 5 10 9 0.442981 0.238214 
0 6 0 10 -0.135118 -0.276162 
0 8 0 11 -0.210053 -0.29065 
0 8 5 12 -0.182022 -0.0238804 
0 6 5 13 -0.109927 -0.0304634 
0 2 2.5 14 -0.00550235 -0.146646 
0 4 2.5 15 -0.0597106 -0.149492 
0 4 5 16 -0.0483295 -0.0360877 
0 2 5 17 0.00490684 -0.0409486 
0.5 0.5 -0.5 18 0.0353875 -0.270831 
0.5 0.5 6 19 0.06104 -0.00538618 
10.5 0.5 -0.5 20 0.482162 -0.390213 
10.5 0.5 6 21 0.510595 -0.0383993 
10.5 10.5 -0.5 22 0.285817 -0.608649 
10.5 10.5 6 23 0.339955 0.0140517 
0.5 10.5 -0.5 24 -0.308778 -0.350951 
0.5 10.5 6 25 -0.265998 0.0441868 
0.5 5.5 9.5 26 -0.0535602 0.182685 
10.5 5.5 9.5 27 0.468324 0.217006 
0.5 6.5 -0.5 28 -0.137203 -0.311009 
0.5 8.5 -0.5 29 -0.215317 -0.329194 
0.5 8.5 4.5 30 -0.186127 -0.0515013 
0.5 6.5 4.5 31 -0.111078 -0.0560756 
0.5 2.5 2 32 -0.00322051 -0.172402 
0.5 4.5 2 33 -0.0590853 -0.17729 
0.5 4.5 4.5 34 -0.0473244 -0.0599615 
0.5 2.5 4.5 35 0.00750531 -0.0633035 
