0 0 0 0 -0.60787 -0.285246 
0 0 6.5 1 -0.556479 0.305176 
10 0 0 2 -0.249907 -0.147092 
10 0 6.5 3 -0.220555 0.163176 
10 10 0 4 0.237156 -0.21022 
10 10 6.5 5 0.272279 0.123049 
0 10 0 6 0.328193 -0.434747 
0 10 6.5 7 0.401538 0.244941 
0 5 10 8 -0.0783014 0.624804 
10 5 10 9 0.0343404 0.31876 
0 6 0 10 -0.0785612 -0.369783 
0 8 0 11 0.118789 -0.401303 
0 8 5 12 0.171003 0.104497 
0 6 5 13 -0.0299962 0.121642 
0 2 2.5 14 -0.420045 -0.0805731 
0 4 2.5 15 -0.242368 -0.102351 
0 4 5 16 -0.219631 0.137818 
0 2 5 17 -0.398838 0.153104 
0.5 0.5 -0.5 18 -0.539881 -0.322021 
0.5 0.5 6 19 -0.489607 0.245386 
10.5 0.5 -0.5 20 -0.220667 -0.169627 
10.5 0.5 6 21 -0.191719 0.134166 
10.5 10.5 -0.5 22 0.257955 -0.233038 
10.5 10.5 6 23 0.292457 0.0927717 
0.5 10.5 -0.5 24 0.365632 -0.47043 
0.5 10.5 6 25 0.436296 0.178934 
0.5 5.5 9.5 26 -0.0259703 0.547282 
10.5 5.5 9.5 27 0.058914 0.285306 
0.5 6.5 -0.5 28 -0.0265688 -0.40615 
0.5 8.5 -0.5 29 0.163965 -0.437377 
0.5 8.5 4.5 30 0.214442 0.0465588 
0.5 6.5 4.5 31 0.0205292 0.0646121 
0.5 2.5 2 32 -0.357245 -0.126458 
0.5 4.5 2 33 -0.184973 -0.148605 
0.5 4.5 4.5 34 -0.16286 0.0816857 
0.5 2.5 4.5 35 -0.336561 0.0978572 
