0 0 0 0 0.263547 -0.405318 
0 0 6.5 1 0.231587 -0.0877405 
10 0 0 2 0.722285 -0.61403 
10 0 6.5 3 0.627539 -0.0239429 
10 10 0 4 -0.213621 -0.834406 
10 10 6.5 5 -0.238026 -0.0593339 
0 10 0 6 -0.23852 -0.47825 
0 10 6.5 7 -0.249298 -0.113864 
0 5 10 8 -0.00499616 0.0697222 
10 5 10 9 0.214641 0.273383 
0 6 0 10 -0.0213961 -0.446709 
0 8 0 11 -0.12694 -0.462041 
0 8 5 12 -0.139401 -0.186624 
0 6 5 13 -0.0374913 -0.179038 
0 2 2.5 14 0.162117 -0.2894 
0 4 2.5 15 0.0687373 -0.299588 
0 4 5 16 0.0592467 -0.171837 
0 2 5 17 0.151197 -0.164992 
0.5 0.5 -0.5 18 0.25614 -0.440824 
0.5 0.5 6 19 0.223475 -0.111203 
10.5 0.5 -0.5 20 0.738429 -0.696558 
10.5 0.5 6 21 0.636546 -0.0635659 
10.5 10.5 -0.5 22 -0.274996 -0.964 
10.5 10.5 6 23 -0.294503 -0.113499 
0.5 10.5 -0.5 24 -0.266833 -0.52191 
0.5 10.5 6 25 -0.276521 -0.141606 
0.5 5.5 9.5 26 -0.0214635 0.0507176 
10.5 5.5 9.5 27 0.197397 0.250235 
0.5 6.5 -0.5 28 -0.0400362 -0.486746 
0.5 8.5 -0.5 29 -0.150161 -0.50382 
0.5 8.5 4.5 30 -0.162154 -0.216605 
0.5 6.5 4.5 31 -0.0559833 -0.207939 
0.5 2.5 2 32 0.151147 -0.321155 
0.5 4.5 2 33 0.054157 -0.332555 
0.5 4.5 4.5 34 0.0446114 -0.199728 
0.5 2.5 4.5 35 0.140058 -0.191938 
