0 0 0 0 -0.226659 -0.352281 
0 0 6.5 1 -0.247588 0.314361 
10 0 0 2 -0.247569 -0.083728 
10 0 6.5 3 -0.259151 0.257609 
10 10 0 4 0.216762 -0.0582889 
10 10 6.5 5 0.23491 0.243141 
0 10 0 6 0.579823 -0.254194 
0 10 6.5 7 0.653524 0.275289 
0 5 10 8 0.283916 0.675983 
10 5 10 9 0.00691765 0.44014 
0 6 0 10 0.299276 -0.288315 
0 8 0 11 0.44539 -0.270544 
0 8 5 12 0.491405 0.143076 
0 6 5 13 0.334089 0.143293 
0 2 2.5 14 -0.0324451 -0.103951 
0 4 2.5 15 0.150011 -0.0924344 
0 4 5 16 0.161107 0.143533 
0 2 5 17 -0.0300005 0.143797 
0.5 0.5 -0.5 18 -0.180077 -0.364233 
0.5 0.5 6 19 -0.193286 0.252235 
10.5 0.5 -0.5 20 -0.22197 -0.0993387 
10.5 0.5 6 21 -0.231415 0.228442 
10.5 10.5 -0.5 22 0.225338 -0.0729442 
10.5 10.5 6 23 0.243405 0.21787 
0.5 10.5 -0.5 24 0.57553 -0.268996 
0.5 10.5 6 25 0.644534 0.228422 
0.5 5.5 9.5 26 0.29859 0.592573 
10.5 5.5 9.5 27 0.024367 0.405346 
0.5 6.5 -0.5 28 0.310458 -0.302405 
0.5 8.5 -0.5 29 0.448214 -0.285043 
0.5 8.5 4.5 30 0.491763 0.103123 
0.5 6.5 4.5 31 0.3441 0.101549 
0.5 2.5 2 32 0.00158946 -0.131832 
0.5 4.5 2 33 0.171333 -0.119779 
0.5 4.5 4.5 34 0.182677 0.0998273 
0.5 2.5 4.5 35 0.00547608 0.0979377 
