0 0 0 0 0.261379 -0.126529 
0 0 6.5 1 0.249031 0.232213 
10 0 0 2 -0.0752409 -0.376109 
10 0 6.5 3 -0.130804 0.267386 
10 10 0 4 -0.563987 -0.229674 
10 10 6.5 5 -0.628342 0.181768 
0 10 0 6 -0.141538 -0.0878479 
0 10 6.5 7 -0.166738 0.185128 
0 5 10 8 0.000326412 0.384142 
10 5 10 9 -0.47597 0.517249 
0 6 0 10 -0.00534785 -0.100922 
0 8 0 11 -0.0767878 -0.094064 
0 8 5 12 -0.0949303 0.124375 
0 6 5 13 -0.0220868 0.128948 
0 2 2.5 14 0.156085 0.00901949 
0 4 2.5 15 0.0665514 0.0106641 
0 4 5 16 0.0589709 0.134037 
0 2 5 17 0.149715 0.139733 
0.5 0.5 -0.5 18 0.226449 -0.157315 
0.5 0.5 6 19 0.21224 0.20092 
10.5 0.5 -0.5 20 -0.139493 -0.432492 
10.5 0.5 6 21 -0.201629 0.209195 
10.5 10.5 -0.5 22 -0.607126 -0.265593 
10.5 10.5 6 23 -0.674332 0.145135 
0.5 10.5 -0.5 24 -0.169171 -0.111325 
0.5 10.5 6 25 -0.195519 0.161358 
0.5 5.5 9.5 26 -0.0328131 0.356938 
10.5 5.5 9.5 27 -0.534278 0.471786 
0.5 6.5 -0.5 28 -0.0355082 -0.126863 
0.5 8.5 -0.5 29 -0.10563 -0.118711 
0.5 8.5 4.5 30 -0.124728 0.0994767 
0.5 6.5 4.5 31 -0.0532936 0.102729 
0.5 2.5 2 32 0.122275 -0.02014 
0.5 4.5 2 33 0.034384 -0.016871 
0.5 4.5 4.5 34 0.0262175 0.106349 
0.5 2.5 4.5 35 0.115258 0.110402 
