0 0 0 0 -0.0950251 -0.0357746 
0 0 6.5 1 -0.0876723 0.215588 
10 0 0 2 0.298062 -0.0753459 
10 0 6.5 3 0.325854 0.19979 
10 10 0 4 0.324765 -0.23552 
10 10 6.5 5 0.374744 0.222769 
0 10 0 6 -0.295018 -0.151186 
0 10 6.5 7 -0.297805 0.244748 
0 5 10 8 -0.165465 0.407057 
10 5 10 9 0.365049 0.412054 
0 6 0 10 -0.19283 -0.092215 
0 8 0 11 -0.238718 -0.118696 
0 8 5 12 -0.237821 0.150397 
0 6 5 13 -0.189973 0.152067 
0 2 2.5 14 -0.120073 0.0495797 
0 4 2.5 15 -0.152673 0.0393839 
0 4 5 16 -0.150553 0.153442 
0 2 5 17 -0.117516 0.154595 
0.5 0.5 -0.5 18 -0.0838245 -0.060224 
0.5 0.5 6 19 -0.0758018 0.195154 
10.5 0.5 -0.5 20 0.31884 -0.103084 
10.5 0.5 6 21 0.348326 0.176858 
10.5 10.5 -0.5 22 0.360702 -0.288005 
10.5 10.5 6 23 0.415863 0.183682 
0.5 10.5 -0.5 24 -0.283472 -0.193515 
0.5 10.5 6 25 -0.28548 0.212433 
0.5 5.5 9.5 26 -0.152323 0.38594 
10.5 5.5 9.5 27 0.395819 0.388172 
0.5 6.5 -0.5 28 -0.180903 -0.125036 
0.5 8.5 -0.5 29 -0.226817 -0.15569 
0.5 8.5 4.5 30 -0.225289 0.119377 
0.5 6.5 4.5 31 -0.177425 0.124166 
0.5 2.5 2 32 -0.108293 0.024525 
0.5 4.5 2 33 -0.140615 0.0118767 
0.5 4.5 4.5 34 -0.138194 0.128091 
0.5 2.5 4.5 35 -0.105455 0.131366 
