0 0 0 0 0.287896 -0.321985 
0 0 6.5 1 0.323998 0.0893706 
10 0 0 2 -0.378314 -0.286959 
10 0 6.5 3 -0.327412 0.172046 
10 10 0 4 -0.293029 -0.175823 
10 10 6.5 5 -0.263757 0.0942998 
0 10 0 6 0.110372 -0.204584 
0 10 6.5 7 0.134212 0.0483014 
0 5 10 8 0.221872 0.229835 
10 5 10 9 -0.26774 0.303003 
0 6 0 10 0.161926 -0.238677 
0 8 0 11 0.133992 -0.220204 
0 8 5 12 0.153721 -0.00897523 
0 6 5 13 0.18322 -0.00816365 
0 2 2.5 14 0.249224 -0.146315 
0 4 2.5 15 0.207087 -0.133468 
0 4 5 16 0.218596 -0.00719035 
0 2 5 17 0.261802 -0.00600166 
0.5 0.5 -0.5 18 0.242002 -0.342444 
0.5 0.5 6 19 0.277871 0.0592925 
10.5 0.5 -0.5 20 -0.411378 -0.310743 
10.5 0.5 6 21 -0.36133 0.13632 
10.5 10.5 -0.5 22 -0.314034 -0.191737 
10.5 10.5 6 23 -0.285037 0.0742057 
0.5 10.5 -0.5 24 0.0846159 -0.219039 
0.5 10.5 6 25 0.108321 0.0301787 
0.5 5.5 9.5 26 0.188538 0.204294 
10.5 5.5 9.5 27 -0.294141 0.273838 
0.5 6.5 -0.5 28 0.130629 -0.255117 
0.5 8.5 -0.5 29 0.105729 -0.235593 
0.5 8.5 4.5 30 0.125341 -0.0276872 
0.5 6.5 4.5 31 0.151792 -0.0285553 
0.5 2.5 2 32 0.209379 -0.168252 
0.5 4.5 2 33 0.171973 -0.153504 
0.5 4.5 4.5 34 0.183411 -0.029593 
0.5 2.5 4.5 35 0.221876 -0.0308554 
