0 0 0 0 0.400335 -0.498252 
0 0 6.5 1 0.337621 0.0518532 
10 0 0 2 -0.268969 -0.438619 
10 0 6.5 3 -0.27352 -0.034279 
10 10 0 4 0.00967389 -0.331092 
10 10 6.5 5 -0.00481456 -0.069537 
0 10 0 6 0.448679 -0.341712 
0 10 6.5 7 0.409411 -0.0261186 
0 5 10 8 0.359216 0.198584 
10 5 10 9 -0.117443 0.102732 
0 6 0 10 0.43543 -0.384613 
0 8 0 11 0.442684 -0.361125 
0 8 5 12 0.4096 -0.0923841 
0 6 5 13 0.399372 -0.0878866 
0 2 2.5 14 0.392533 -0.257313 
0 4 2.5 15 0.406148 -0.243616 
0 4 5 16 0.386869 -0.0823886 
0 2 5 17 0.371237 -0.0755148 
0.5 0.5 -0.5 18 0.365437 -0.525186 
0.5 0.5 6 19 0.308299 0.00292561 
10.5 0.5 -0.5 20 -0.271102 -0.460487 
10.5 0.5 6 21 -0.275373 -0.0681514 
10.5 10.5 -0.5 22 0.00191602 -0.347792 
10.5 10.5 6 23 -0.0119416 -0.0913004 
0.5 10.5 -0.5 24 0.427162 -0.361615 
0.5 10.5 6 25 0.389968 -0.0533595 
0.5 5.5 9.5 26 0.33726 0.158419 
10.5 5.5 9.5 27 -0.122893 0.0728376 
0.5 6.5 -0.5 28 0.409987 -0.407128 
0.5 8.5 -0.5 29 0.419366 -0.382275 
0.5 8.5 4.5 30 0.388195 -0.120448 
0.5 6.5 4.5 31 0.376218 -0.118813 
0.5 2.5 2 32 0.363267 -0.289908 
0.5 4.5 2 33 0.379611 -0.273118 
0.5 4.5 4.5 34 0.36167 -0.116826 
0.5 2.5 4.5 35 0.343625 -0.114363 
