0 0 0 0 -0.162025 -0.0225162 
0 0 6.5 1 -0.17188 0.234151 
10 0 0 2 0.227916 -0.0267628 
10 0 6.5 3 0.238726 0.237357 
10 10 0 4 0.325062 -0.171497 
10 10 6.5 5 0.352118 0.261115 
0 10 0 6 -0.30414 -0.158287 
0 10 6.5 7 -0.332718 0.254669 
0 5 10 8 -0.241881 0.430019 
10 5 10 9 0.290501 0.441834 
0 6 0 10 -0.230734 -0.0881576 
0 8 0 11 -0.26349 -0.119451 
0 8 5 12 -0.280245 0.158812 
0 6 5 13 -0.24408 0.163306 
0 2 2.5 14 -0.185585 0.0623636 
0 4 2.5 15 -0.209073 0.0496471 
0 4 5 16 -0.214619 0.166967 
0 2 5 17 -0.190154 0.170006 
0.5 0.5 -0.5 18 -0.146527 -0.0461092 
0.5 0.5 6 19 -0.155731 0.213803 
10.5 0.5 -0.5 20 0.250537 -0.0511099 
10.5 0.5 6 21 0.26278 0.216446 
10.5 10.5 -0.5 22 0.365089 -0.215711 
10.5 10.5 6 23 0.396723 0.226114 
0.5 10.5 -0.5 24 -0.282879 -0.200136 
0.5 10.5 6 25 -0.310404 0.221211 
0.5 5.5 9.5 26 -0.222504 0.408053 
10.5 5.5 9.5 27 0.323247 0.41927 
0.5 6.5 -0.5 28 -0.212106 -0.120189 
0.5 8.5 -0.5 29 -0.243595 -0.15576 
0.5 8.5 4.5 30 -0.259598 0.127418 
0.5 6.5 4.5 31 -0.224768 0.135293 
0.5 2.5 2 32 -0.168877 0.0378315 
0.5 4.5 2 33 -0.191294 0.0225935 
0.5 4.5 4.5 34 -0.196527 0.141679 
0.5 2.5 4.5 35 -0.173166 0.146961 
