0 0 0 0 0.247294 -0.402148 
0 0 6.5 1 0.219712 -0.0889058 
10 0 0 2 0.722191 -0.575366 
10 0 6.5 3 0.631821 -0.0128542 
10 10 0 4 -0.153072 -0.787239 
10 10 6.5 5 -0.169905 -0.0108069 
0 10 0 6 -0.248181 -0.470605 
0 10 6.5 7 -0.250959 -0.10066 
0 5 10 8 -0.00591338 0.0733796 
10 5 10 9 0.258288 0.287237 
0 6 0 10 -0.0301641 -0.440483 
0 8 0 11 -0.135412 -0.455024 
0 8 5 12 -0.142561 -0.176701 
0 6 5 13 -0.0416505 -0.171669 
0 2 2.5 14 0.151109 -0.2857 
0 4 2.5 15 0.060492 -0.294123 
0 4 5 16 0.0530206 -0.166948 
0 2 5 17 0.142014 -0.16251 
0.5 0.5 -0.5 18 0.241358 -0.43637 
0.5 0.5 6 19 0.213163 -0.110813 
10.5 0.5 -0.5 20 0.742599 -0.650994 
10.5 0.5 6 21 0.644872 -0.0475285 
10.5 10.5 -0.5 22 -0.206486 -0.914302 
10.5 10.5 6 23 -0.217841 -0.057904 
0.5 10.5 -0.5 24 -0.276047 -0.514075 
0.5 10.5 6 25 -0.277213 -0.126857 
0.5 5.5 9.5 26 -0.020719 0.0561258 
10.5 5.5 9.5 27 0.248027 0.269116 
0.5 6.5 -0.5 28 -0.0475703 -0.479762 
0.5 8.5 -0.5 29 -0.157708 -0.496303 
0.5 8.5 4.5 30 -0.164095 -0.205305 
0.5 6.5 4.5 31 -0.0587024 -0.199138 
0.5 2.5 2 32 0.14167 -0.316101 
0.5 4.5 2 33 0.0473944 -0.325831 
0.5 4.5 4.5 34 0.0399382 -0.193367 
0.5 2.5 4.5 35 0.132456 -0.187953 
