0 0 0 0 -0.537575 -0.448954 
0 0 6.5 1 -0.520279 -0.0695539 
10 0 0 2 -0.0742222 -0.35842 
10 0 6.5 3 -0.0828579 -0.0848629 
10 10 0 4 0.299889 -0.41838 
10 10 6.5 5 0.263434 -0.0284073 
0 10 0 6 -0.251616 -0.616514 
0 10 6.5 7 -0.252712 0.0313755 
0 5 10 8 -0.413366 0.196206 
10 5 10 9 0.0516613 0.0977616 
0 6 0 10 -0.405132 -0.52656 
0 8 0 11 -0.338254 -0.565748 
0 8 5 12 -0.332741 -0.119724 
0 6 5 13 -0.39588 -0.130645 
0 2 2.5 14 -0.495066 -0.303945 
0 4 2.5 15 -0.452411 -0.312069 
0 4 5 16 -0.446849 -0.13946 
0 2 5 17 -0.488856 -0.146725 
0.5 0.5 -0.5 18 -0.498283 -0.478822 
0.5 0.5 6 19 -0.483359 -0.0950788 
10.5 0.5 -0.5 20 -0.0437249 -0.379407 
10.5 0.5 6 21 -0.0538098 -0.103587 
10.5 10.5 -0.5 22 0.346574 -0.449094 
10.5 10.5 6 23 0.306827 -0.0545074 
0.5 10.5 -0.5 24 -0.179497 -0.670735 
0.5 10.5 6 25 -0.18821 -0.0101286 
0.5 5.5 9.5 26 -0.368247 0.167651 
10.5 5.5 9.5 27 0.0854532 0.07743 
0.5 6.5 -0.5 28 -0.351041 -0.567463 
0.5 8.5 -0.5 29 -0.276426 -0.612383 
0.5 8.5 4.5 30 -0.275379 -0.158606 
0.5 6.5 4.5 31 -0.345239 -0.165438 
0.5 2.5 2 32 -0.452971 -0.334641 
0.5 4.5 2 33 -0.405758 -0.345903 
0.5 4.5 4.5 34 -0.401526 -0.170943 
0.5 2.5 4.5 35 -0.447847 -0.175473 
