0 0 0 0 0.0657587 -0.360268 
0 0 6.5 1 0.0863804 -0.0897081 
10 0 0 2 0.516992 -0.498179 
10 0 6.5 3 0.52859 -0.119488 
10 10 0 4 0.215363 -0.726742 
10 10 6.5 5 0.25383 -0.0756003 
0 10 0 6 -0.308461 -0.436487 
0 10 6.5 7 -0.264922 -0.0505719 
0 5 10 8 -0.0441599 0.0895542 
10 5 10 9 0.436002 0.136585 
0 6 0 10 -0.125682 -0.39926 
0 8 0 11 -0.209802 -0.416393 
0 8 5 12 -0.181334 -0.140608 
0 6 5 13 -0.101403 -0.143716 
0 2 2.5 14 0.0193463 -0.258923 
0 4 2.5 15 -0.0425198 -0.264011 
0 4 5 16 -0.0321819 -0.146407 
0 2 5 17 0.0283458 -0.148761 
0.5 0.5 -0.5 18 0.0672797 -0.390202 
0.5 0.5 6 19 0.0885086 -0.110281 
10.5 0.5 -0.5 20 0.539816 -0.546809 
10.5 0.5 6 21 0.551033 -0.149547 
10.5 10.5 -0.5 22 0.231451 -0.832344 
10.5 10.5 6 23 0.271765 -0.124359 
0.5 10.5 -0.5 24 -0.32387 -0.483554 
0.5 10.5 6 25 -0.277746 -0.0783122 
0.5 5.5 9.5 26 -0.0464581 0.0722726 
10.5 5.5 9.5 27 0.458693 0.113378 
0.5 6.5 -0.5 28 -0.131443 -0.43763 
0.5 8.5 -0.5 29 -0.219672 -0.458687 
0.5 8.5 4.5 30 -0.189729 -0.170126 
0.5 6.5 4.5 31 -0.106069 -0.171153 
0.5 2.5 2 32 0.0193637 -0.287012 
0.5 4.5 2 33 -0.0447633 -0.29426 
0.5 4.5 4.5 34 -0.0340244 -0.172037 
0.5 2.5 4.5 35 0.028667 -0.172806 
