0 0 0 0 -0.525224 -0.446648 
0 0 6.5 1 -0.512151 -0.0729645 
10 0 0 2 -0.0651888 -0.354929 
10 0 6.5 3 -0.0758147 -0.082897 
10 10 0 4 0.302704 -0.416187 
10 10 6.5 5 0.264553 -0.0257862 
0 10 0 6 -0.258239 -0.616272 
0 10 6.5 7 -0.263015 0.0245072 
0 5 10 8 -0.414472 0.189651 
10 5 10 9 0.0547156 0.0999654 
0 6 0 10 -0.401758 -0.52509 
0 8 0 11 -0.339289 -0.564778 
0 8 5 12 -0.337004 -0.124635 
0 6 5 13 -0.395873 -0.134737 
0 2 2.5 14 -0.486921 -0.30461 
0 4 2.5 15 -0.447227 -0.313208 
0 4 5 16 -0.443306 -0.142877 
0 2 5 17 -0.482341 -0.149576 
0.5 0.5 -0.5 18 -0.486702 -0.475989 
0.5 0.5 6 19 -0.475852 -0.0979207 
10.5 0.5 -0.5 20 -0.0347602 -0.375712 
10.5 0.5 6 21 -0.0467896 -0.101352 
10.5 10.5 -0.5 22 0.3498 -0.44686 
10.5 10.5 6 23 0.308395 -0.051648 
0.5 10.5 -0.5 24 -0.187202 -0.669936 
0.5 10.5 6 25 -0.199196 -0.0162079 
0.5 5.5 9.5 26 -0.369937 0.161817 
10.5 5.5 9.5 27 0.0886602 0.0799537 
0.5 6.5 -0.5 28 -0.348614 -0.56541 
0.5 8.5 -0.5 29 -0.278476 -0.61083 
0.5 8.5 4.5 30 -0.280407 -0.16282 
0.5 6.5 4.5 31 -0.345976 -0.168871 
0.5 2.5 2 32 -0.445577 -0.334738 
0.5 4.5 2 33 -0.401369 -0.346448 
0.5 4.5 4.5 34 -0.3987 -0.173737 
0.5 2.5 4.5 35 -0.442017 -0.177734 
