0 0 0 0 0.25672 -0.135706 
0 0 6.5 1 0.29038 0.238498 
10 0 0 2 -0.305987 -0.249828 
10 0 6.5 3 -0.315508 0.294194 
10 10 0 4 -0.450042 -0.0658489 
10 10 6.5 5 -0.464344 0.259573 
0 10 0 6 -0.0343722 -0.0261491 
0 10 6.5 7 -0.0257058 0.229838 
0 5 10 8 0.111187 0.411855 
10 5 10 9 -0.418296 0.518793 
0 6 0 10 0.0568984 -0.0605002 
0 8 0 11 0.00819622 -0.0421704 
0 8 5 12 0.0169037 0.165574 
0 6 5 13 0.0682929 0.162071 
0 2 2.5 14 0.188367 0.0202833 
0 4 2.5 15 0.120428 0.0355163 
0 4 5 16 0.128022 0.157999 
0 2 5 17 0.1983 0.153208 
0.5 0.5 -0.5 18 0.214063 -0.158257 
0.5 0.5 6 19 0.24427 0.209292 
10.5 0.5 -0.5 20 -0.356856 -0.280043 
10.5 0.5 6 21 -0.371462 0.249962 
10.5 10.5 -0.5 22 -0.479297 -0.0861876 
10.5 10.5 6 23 -0.495199 0.234214 
0.5 10.5 -0.5 24 -0.0611803 -0.0426157 
0.5 10.5 6 25 -0.0538605 0.210258 
0.5 5.5 9.5 26 0.0749359 0.385668 
10.5 5.5 9.5 27 -0.459672 0.481388 
0.5 6.5 -0.5 28 0.0253575 -0.0789739 
0.5 8.5 -0.5 29 -0.0207923 -0.0595844 
0.5 8.5 4.5 30 -0.0132838 0.145486 
0.5 6.5 4.5 31 0.0353306 0.140527 
0.5 2.5 2 32 0.149145 -0.00273481 
0.5 4.5 2 33 0.0850279 0.014138 
0.5 4.5 4.5 34 0.0917463 0.134773 
0.5 2.5 4.5 35 0.158005 0.128014 
