0 0 0 0 -0.203641 -0.335876 
0 0 6.5 1 -0.226417 0.337114 
10 0 0 2 -0.247425 -0.0753079 
10 0 6.5 3 -0.261532 0.268711 
10 10 0 4 0.214604 -0.0453823 
10 10 6.5 5 0.230656 0.255612 
0 10 0 6 0.587628 -0.228547 
0 10 6.5 7 0.65823 0.297167 
0 5 10 8 0.298745 0.698467 
10 5 10 9 0.00351952 0.452667 
0 6 0 10 0.315314 -0.265484 
0 8 0 11 0.457526 -0.246194 
0 8 5 12 0.501663 0.165608 
0 6 5 13 0.348628 0.165474 
0 2 2.5 14 -0.0112284 -0.08398 
0 4 2.5 15 0.16875 -0.0710987 
0 4 5 16 0.179205 0.165325 
0 2 5 17 -0.00938479 0.165159 
0.5 0.5 -0.5 18 -0.15918 -0.348224 
0.5 0.5 6 19 -0.174272 0.273233 
10.5 0.5 -0.5 20 -0.222123 -0.0910076 
10.5 0.5 6 21 -0.233987 0.239121 
10.5 10.5 -0.5 22 0.222683 -0.0601328 
10.5 10.5 6 23 0.238691 0.230181 
0.5 10.5 -0.5 24 0.581879 -0.243997 
0.5 10.5 6 25 0.647813 0.249828 
0.5 5.5 9.5 26 0.311102 0.613808 
10.5 5.5 9.5 27 0.0205751 0.417473 
0.5 6.5 -0.5 28 0.324498 -0.280197 
0.5 8.5 -0.5 29 0.458601 -0.261336 
0.5 8.5 4.5 30 0.500231 0.125016 
0.5 6.5 4.5 31 0.356552 0.122954 
0.5 2.5 2 32 0.0205154 -0.112636 
0.5 4.5 2 33 0.187839 -0.0991788 
0.5 4.5 4.5 34 0.198482 0.120685 
0.5 2.5 4.5 35 0.0237462 0.118177 
