0 0 0 0 -0.721649 -0.58147 
0 0 6.5 1 -0.638471 -0.065145 
10 0 0 2 -0.227709 -0.41424 
10 0 6.5 3 -0.198631 -0.11089 
10 10 0 4 0.241555 -0.514723 
10 10 6.5 5 0.252868 -0.136063 
0 10 0 6 0.00201379 -0.874417 
0 10 6.5 7 0.0487784 -0.0938329 
0 5 10 8 -0.323229 0.216694 
10 5 10 9 0.014914 0.0464784 
0 6 0 10 -0.360475 -0.727677 
0 8 0 11 -0.195871 -0.794311 
0 8 5 12 -0.147544 -0.237529 
0 6 5 13 -0.30473 -0.219065 
0 2 2.5 14 -0.585938 -0.399843 
0 4 2.5 15 -0.468321 -0.429704 
0 4 5 16 -0.43907 -0.203284 
0 2 5 17 -0.555208 -0.189641 
0.5 0.5 -0.5 18 -0.662946 -0.61911 
0.5 0.5 6 19 -0.584853 -0.106354 
10.5 0.5 -0.5 20 -0.197 -0.43759 
10.5 0.5 6 21 -0.169425 -0.135455 
10.5 10.5 -0.5 22 0.275273 -0.542766 
10.5 10.5 6 23 0.284742 -0.166026 
0.5 10.5 -0.5 24 0.0758692 -0.925069 
0.5 10.5 6 25 0.114387 -0.152915 
0.5 5.5 9.5 26 -0.266808 0.166217 
10.5 5.5 9.5 27 0.0446713 0.0188252 
0.5 6.5 -0.5 28 -0.293011 -0.772308 
0.5 8.5 -0.5 29 -0.125207 -0.841799 
0.5 8.5 4.5 30 -0.0828004 -0.290621 
0.5 6.5 4.5 31 -0.242625 -0.268335 
0.5 2.5 2 32 -0.526765 -0.441381 
0.5 4.5 2 33 -0.406463 -0.473885 
0.5 4.5 4.5 34 -0.379544 -0.249244 
0.5 2.5 4.5 35 -0.498153 -0.232705 
