0 0 0 0 -0.249174 -0.0280085 
0 0 6.5 1 -0.276953 0.241951 
10 0 0 2 0.144888 0.005089 
10 0 6.5 3 0.134341 0.262942 
10 10 0 4 0.31708 -0.0816787 
10 10 6.5 5 0.311104 0.338096 
0 10 0 6 -0.322975 -0.143887 
0 10 6.5 7 -0.375773 0.30896 
0 5 10 8 -0.334771 0.464233 
10 5 10 9 0.195324 0.476937 
0 6 0 10 -0.284198 -0.0830014 
0 8 0 11 -0.301323 -0.109891 
0 8 5 12 -0.335344 0.192456 
0 6 5 13 -0.313778 0.187542 
0 2 2.5 14 -0.270326 0.0666622 
0 4 2.5 15 -0.283135 0.05888 
0 4 5 16 -0.296451 0.183594 
0 2 5 17 -0.282225 0.180353 
0.5 0.5 -0.5 18 -0.228355 -0.0499955 
0.5 0.5 6 19 -0.25566 0.223091 
10.5 0.5 -0.5 20 0.170119 -0.0153759 
10.5 0.5 6 21 0.16045 0.245335 
10.5 10.5 -0.5 22 0.361887 -0.116841 
10.5 10.5 6 23 0.358814 0.310559 
0.5 10.5 -0.5 24 -0.289857 -0.183563 
0.5 10.5 6 25 -0.341574 0.278136 
0.5 5.5 9.5 26 -0.308124 0.444 
10.5 5.5 9.5 27 0.229998 0.458249 
0.5 6.5 -0.5 28 -0.257395 -0.113064 
0.5 8.5 -0.5 29 -0.271691 -0.144111 
0.5 8.5 4.5 30 -0.30502 0.16333 
0.5 6.5 4.5 31 -0.286395 0.161556 
0.5 2.5 2 32 -0.247621 0.0438405 
0.5 4.5 2 33 -0.258427 0.0336823 
0.5 4.5 4.5 34 -0.271497 0.160137 
0.5 2.5 4.5 35 -0.259309 0.158976 
