0 0 0 0 0.296379 -0.376611 
0 0 6.5 1 0.325824 0.0465245 
10 0 0 2 -0.380641 -0.333697 
10 0 6.5 3 -0.327115 0.118196 
10 10 0 4 -0.269883 -0.222262 
10 10 6.5 5 -0.240123 0.0449234 
0 10 0 6 0.135225 -0.252858 
0 10 6.5 7 0.156251 0.00401061 
0 5 10 8 0.233487 0.186268 
10 5 10 9 -0.252753 0.24645 
0 6 0 10 0.181551 -0.288432 
0 8 0 11 0.156402 -0.26912 
0 8 5 12 0.173687 -0.0536764 
0 6 5 13 0.200003 -0.0527998 
0 2 2.5 14 0.259985 -0.193917 
0 4 2.5 15 0.221877 -0.180516 
0 4 5 16 0.231663 -0.0517451 
0 2 5 17 0.270479 -0.050452 
0.5 0.5 -0.5 18 0.25043 -0.397397 
0.5 0.5 6 19 0.280487 0.0156391 
10.5 0.5 -0.5 20 -0.410952 -0.357171 
10.5 0.5 6 21 -0.357917 0.0832288 
10.5 10.5 -0.5 22 -0.289757 -0.23808 
10.5 10.5 6 23 -0.260104 0.025047 
0.5 10.5 -0.5 24 0.1097 -0.267542 
0.5 10.5 6 25 0.130864 -0.014428 
0.5 5.5 9.5 26 0.201016 0.160273 
10.5 5.5 9.5 27 -0.27712 0.217907 
0.5 6.5 -0.5 28 0.150454 -0.305146 
0.5 8.5 -0.5 29 0.12836 -0.28476 
0.5 8.5 4.5 30 0.14578 -0.0727468 
0.5 6.5 4.5 31 0.169082 -0.0736118 
0.5 2.5 2 32 0.22047 -0.216355 
0.5 4.5 2 33 0.187115 -0.200977 
0.5 4.5 4.5 34 0.197019 -0.0746489 
0.5 2.5 4.5 35 0.231129 -0.0759152 
