0 0 0 0 -0.678988 -0.574612 
0 0 6.5 1 -0.611556 -0.105404 
10 0 0 2 -0.178288 -0.440605 
10 0 6.5 3 -0.161228 -0.143259 
10 10 0 4 0.266281 -0.534858 
10 10 6.5 5 0.257612 -0.140508 
0 10 0 6 -0.126017 -0.846416 
0 10 6.5 7 -0.0916843 -0.0790903 
0 5 10 8 -0.380406 0.172567 
10 5 10 9 0.0243578 0.0240772 
0 6 0 10 -0.415134 -0.704305 
0 8 0 11 -0.287062 -0.767257 
0 8 5 12 -0.247989 -0.229261 
0 6 5 13 -0.369154 -0.222034 
0 2 2.5 14 -0.579058 -0.403558 
0 4 2.5 15 -0.493488 -0.425975 
0 4 5 16 -0.469514 -0.216047 
0 2 5 17 -0.554005 -0.211007 
0.5 0.5 -0.5 18 -0.62818 -0.611444 
0.5 0.5 6 19 -0.565097 -0.140508 
10.5 0.5 -0.5 20 -0.147229 -0.464058 
10.5 0.5 6 21 -0.131853 -0.165994 
10.5 10.5 -0.5 22 0.306356 -0.565723 
10.5 10.5 6 23 0.294926 -0.170149 
0.5 10.5 -0.5 24 -0.0453852 -0.905504 
0.5 10.5 6 25 -0.021498 -0.133918 
0.5 5.5 9.5 26 -0.327425 0.131097 
10.5 5.5 9.5 27 0.0561947 -0.00117248 
0.5 6.5 -0.5 28 -0.349815 -0.751898 
0.5 8.5 -0.5 29 -0.214884 -0.81998 
0.5 8.5 4.5 30 -0.182518 -0.279327 
0.5 6.5 4.5 31 -0.309375 -0.267441 
0.5 2.5 2 32 -0.526239 -0.442611 
0.5 4.5 2 33 -0.436264 -0.468424 
0.5 4.5 4.5 34 -0.414522 -0.257588 
0.5 2.5 4.5 35 -0.503092 -0.249289 
