0 0 0 0 0.320445 -0.540184 
0 0 6.5 1 0.331744 -0.0788984 
10 0 0 2 -0.382692 -0.484388 
10 0 6.5 3 -0.329587 -0.0327228 
10 10 0 4 -0.221494 -0.344181 
10 10 6.5 5 -0.195169 -0.0758274 
0 10 0 6 0.19266 -0.375723 
0 10 6.5 7 0.204118 -0.103987 
0 5 10 8 0.258178 0.0770186 
10 5 10 9 -0.228038 0.109453 
0 6 0 10 0.228603 -0.421982 
0 8 0 11 0.209014 -0.39677 
0 8 5 12 0.218175 -0.166929 
0 6 5 13 0.237981 -0.169317 
0 2 2.5 14 0.287059 -0.330076 
0 4 2.5 15 0.257324 -0.309811 
0 4 5 16 0.261974 -0.172211 
0 2 5 17 0.29164 -0.175788 
0.5 0.5 -0.5 18 0.274388 -0.560486 
0.5 0.5 6 19 0.288075 -0.111043 
10.5 0.5 -0.5 20 -0.407285 -0.506055 
10.5 0.5 6 21 -0.354234 -0.0657291 
10.5 10.5 -0.5 22 -0.239049 -0.359615 
10.5 10.5 6 23 -0.21255 -0.0952945 
0.5 10.5 -0.5 24 0.167564 -0.390726 
0.5 10.5 6 25 0.179723 -0.123129 
0.5 5.5 9.5 26 0.227434 0.0499993 
10.5 5.5 9.5 27 -0.248422 0.0820287 
0.5 6.5 -0.5 28 0.197881 -0.438904 
0.5 8.5 -0.5 29 0.181385 -0.412688 
0.5 8.5 4.5 30 0.191206 -0.186697 
0.5 6.5 4.5 31 0.208079 -0.190887 
0.5 2.5 2 32 0.248235 -0.353006 
0.5 4.5 2 33 0.223274 -0.330797 
0.5 4.5 4.5 34 0.228437 -0.195943 
0.5 2.5 4.5 35 0.253487 -0.202164 
