0 0 0 0 -0.660914 -0.354011 
0 0 6.5 1 -0.592796 0.203779 
10 0 0 2 -0.248166 -0.22035 
10 0 6.5 3 -0.215625 0.0835444 
10 10 0 4 0.234429 -0.29404 
10 10 6.5 5 0.264779 0.0488015 
0 10 0 6 0.227557 -0.541112 
0 10 6.5 7 0.289549 0.163635 
0 5 10 8 -0.166856 0.509346 
10 5 10 9 0.0271892 0.237448 
0 6 0 10 -0.178313 -0.455641 
0 8 0 11 0.0145354 -0.496252 
0 8 5 12 0.0643183 0.0217305 
0 6 5 13 -0.127268 0.0375177 
0 2 2.5 14 -0.487539 -0.158021 
0 4 2.5 15 -0.32755 -0.181296 
0 4 5 16 -0.301838 0.0519029 
0 2 5 17 -0.461563 0.0650647 
0.5 0.5 -0.5 18 -0.594986 -0.391793 
0.5 0.5 6 19 -0.530172 0.150763 
10.5 0.5 -0.5 20 -0.218574 -0.24327 
10.5 0.5 6 21 -0.186886 0.0560463 
10.5 10.5 -0.5 22 0.258963 -0.318477 
10.5 10.5 6 23 0.288458 0.0185482 
0.5 10.5 -0.5 24 0.277507 -0.581549 
0.5 10.5 6 25 0.336011 0.0990381 
0.5 5.5 9.5 26 -0.111619 0.441634 
10.5 5.5 9.5 27 0.0533315 0.205971 
0.5 6.5 -0.5 28 -0.119413 -0.495224 
0.5 8.5 -0.5 29 0.0695278 -0.536316 
0.5 8.5 4.5 30 0.116572 -0.0353279 
0.5 6.5 4.5 31 -0.0710938 -0.0174924 
0.5 2.5 2 32 -0.424665 -0.202993 
0.5 4.5 2 33 -0.267001 -0.227484 
0.5 4.5 4.5 34 -0.242614 -0.00119137 
0.5 2.5 4.5 35 -0.399987 0.0137651 
