0 0 0 0 -0.714764 -0.524996 
0 0 6.5 1 -0.632425 0.00311751 
10 0 0 2 -0.239291 -0.36304 
10 0 6.5 3 -0.207513 -0.0604164 
10 10 0 4 0.235283 -0.456092 
10 10 6.5 5 0.25389 -0.0899018 
0 10 0 6 0.0700195 -0.788339 
0 10 6.5 7 0.120647 -0.0306764 
0 5 10 8 -0.282121 0.290187 
10 5 10 9 0.0159813 0.09457 
0 6 0 10 -0.312855 -0.659861 
0 8 0 11 -0.136544 -0.719024 
0 8 5 12 -0.0875479 -0.173266 
0 6 5 13 -0.257514 -0.155127 
0 2 2.5 14 -0.565912 -0.339384 
0 4 2.5 15 -0.434505 -0.367832 
0 4 5 16 -0.405484 -0.139336 
0 2 5 17 -0.535468 -0.125464 
0.5 0.5 -0.5 18 -0.653346 -0.56245 
0.5 0.5 6 19 -0.575928 -0.0410282 
10.5 0.5 -0.5 20 -0.208935 -0.386157 
10.5 0.5 6 21 -0.178499 -0.0857316 
10.5 10.5 -0.5 22 0.265989 -0.48277 
10.5 10.5 6 23 0.283134 -0.11981 
0.5 10.5 -0.5 24 0.137324 -0.83481 
0.5 10.5 6 25 0.181403 -0.0910231 
0.5 5.5 9.5 26 -0.225374 0.235309 
10.5 5.5 9.5 27 0.0446086 0.0659115 
0.5 6.5 -0.5 28 -0.246921 -0.70245 
0.5 8.5 -0.5 29 -0.0696256 -0.763523 
0.5 8.5 4.5 30 -0.0255863 -0.227149 
0.5 6.5 4.5 31 -0.196277 -0.20573 
0.5 2.5 2 32 -0.504982 -0.381636 
0.5 4.5 2 33 -0.372188 -0.412277 
0.5 4.5 4.5 34 -0.345301 -0.187029 
0.5 2.5 4.5 35 -0.476537 -0.170561 
