0 0 0 0 0.256247 -0.153714 
0 0 6.5 1 0.291619 0.219685 
10 0 0 2 -0.31308 -0.262945 
10 0 6.5 3 -0.318779 0.272651 
10 10 0 4 -0.441869 -0.0746684 
10 10 6.5 5 -0.452673 0.245733 
0 10 0 6 -0.0277845 -0.0382598 
0 10 6.5 7 -0.0172575 0.216096 
0 5 10 8 0.117443 0.394722 
10 5 10 9 -0.40974 0.497054 
0 6 0 10 0.0609569 -0.0743319 
0 8 0 11 0.0135686 -0.0550692 
0 8 5 12 0.0236967 0.151564 
0 6 5 13 0.0737649 0.147211 
0 2 2.5 14 0.190167 0.00371142 
0 4 2.5 15 0.123759 0.0202083 
0 4 5 16 0.132059 0.142142 
0 2 5 17 0.200789 0.136167 
0.5 0.5 -0.5 18 0.213417 -0.175661 
0.5 0.5 6 19 0.245374 0.190936 
10.5 0.5 -0.5 20 -0.362903 -0.29191 
10.5 0.5 6 21 -0.373409 0.229745 
10.5 10.5 -0.5 22 -0.47057 -0.0943533 
10.5 10.5 6 23 -0.482898 0.221052 
0.5 10.5 -0.5 24 -0.0545134 -0.0543351 
0.5 10.5 6 25 -0.0453044 0.196864 
0.5 5.5 9.5 26 0.0812565 0.368895 
10.5 5.5 9.5 27 -0.450171 0.46061 
0.5 6.5 -0.5 28 0.0294422 -0.0923525 
0.5 8.5 -0.5 29 -0.0153626 -0.0720637 
0.5 8.5 4.5 30 -0.00641025 0.131854 
0.5 6.5 4.5 31 0.0408541 0.126068 
0.5 2.5 2 32 0.150876 -0.0188074 
0.5 4.5 2 33 0.0883534 -0.000710247 
0.5 4.5 4.5 34 0.0957929 0.119343 
0.5 2.5 4.5 35 0.16044 0.111429 
