0 0 0 0 0.338593 -0.620719 
0 0 6.5 1 0.338405 -0.134767 
10 0 0 2 -0.37752 -0.555389 
10 0 6.5 3 -0.327793 -0.100085 
10 10 0 4 -0.192899 -0.398988 
10 10 6.5 5 -0.170418 -0.127958 
0 10 0 6 0.227643 -0.431218 
0 10 6.5 7 0.232407 -0.149595 
0 5 10 8 0.27386 0.0321631 
10 5 10 9 -0.214388 0.0511099 
0 6 0 10 0.258509 -0.483937 
0 8 0 11 0.241654 -0.455149 
0 8 5 12 0.245163 -0.215989 
0 6 5 13 0.261672 -0.220317 
0 2 2.5 14 0.305903 -0.393507 
0 4 2.5 15 0.280487 -0.36901 
0 4 5 16 0.281743 -0.22558 
0 2 5 17 0.306666 -0.232115 
0.5 0.5 -0.5 18 0.292553 -0.640553 
0.5 0.5 6 19 0.295659 -0.167783 
10.5 0.5 -0.5 20 -0.399112 -0.576108 
10.5 0.5 6 21 -0.349339 -0.132366 
10.5 10.5 -0.5 22 -0.209238 -0.414287 
10.5 10.5 6 23 -0.18647 -0.147377 
0.5 10.5 -0.5 24 0.202762 -0.446437 
0.5 10.5 6 25 0.208512 -0.169267 
0.5 5.5 9.5 26 0.243994 0.00432852 
10.5 5.5 9.5 27 -0.232778 0.0239528 
0.5 6.5 -0.5 28 0.22799 -0.500976 
0.5 8.5 -0.5 29 0.214238 -0.471246 
0.5 8.5 4.5 30 0.218676 -0.236264 
0.5 6.5 4.5 31 0.232302 -0.242429 
0.5 2.5 2 32 0.267483 -0.416725 
0.5 4.5 2 33 0.24683 -0.390333 
0.5 4.5 4.5 34 0.248797 -0.249892 
0.5 2.5 4.5 35 0.269173 -0.259111 
