0 0 0 0 -0.684247 -0.580559 
0 0 6.5 1 -0.614987 -0.107068 
10 0 0 2 -0.182585 -0.442844 
10 0 6.5 3 -0.16446 -0.144602 
10 10 0 4 0.264438 -0.538799 
10 10 6.5 5 0.257228 -0.144689 
0 10 0 6 -0.118413 -0.85819 
0 10 6.5 7 -0.0829214 -0.0863905 
0 5 10 8 -0.377842 0.170951 
10 5 10 9 0.023332 0.0218792 
0 6 0 10 -0.413635 -0.713337 
0 8 0 11 -0.282691 -0.777586 
0 8 5 12 -0.242536 -0.235992 
0 6 5 13 -0.366439 -0.227456 
0 2 2.5 14 -0.581618 -0.408636 
0 4 2.5 15 -0.493843 -0.43203 
0 4 5 16 -0.469235 -0.220374 
0 2 5 17 -0.555895 -0.214404 
0.5 0.5 -0.5 18 -0.632844 -0.617577 
0.5 0.5 6 19 -0.568018 -0.142626 
10.5 0.5 -0.5 20 -0.151525 -0.46634 
10.5 0.5 6 21 -0.13508 -0.167494 
10.5 10.5 -0.5 22 0.304118 -0.569538 
10.5 10.5 6 23 0.294206 -0.174414 
0.5 10.5 -0.5 24 -0.0378219 -0.916993 
0.5 10.5 6 25 -0.0127458 -0.141695 
0.5 5.5 9.5 26 -0.324521 0.128834 
10.5 5.5 9.5 27 0.0550532 -0.00356983 
0.5 6.5 -0.5 28 -0.347932 -0.760945 
0.5 8.5 -0.5 29 -0.210292 -0.830206 
0.5 8.5 4.5 30 -0.17687 -0.286434 
0.5 6.5 4.5 31 -0.306325 -0.273259 
0.5 2.5 2 32 -0.528278 -0.447975 
0.5 4.5 2 33 -0.436163 -0.474741 
0.5 4.5 4.5 34 -0.413815 -0.262319 
0.5 2.5 4.5 35 -0.504494 -0.253091 
