0 0 0 0 0.257778 -0.0338621 
0 0 6.5 1 0.275677 0.346684 
10 0 0 2 -0.247035 -0.173869 
10 0 6.5 3 -0.282131 0.436646 
10 10 0 4 -0.509907 -0.0288107 
10 10 6.5 5 -0.549806 0.336208 
0 10 0 6 -0.0825878 0.0329753 
0 10 6.5 7 -0.0884973 0.301201 
0 5 10 8 0.0620742 0.506457 
10 5 10 9 -0.477048 0.656557 
0 6 0 10 0.026861 0.0114829 
0 8 0 11 -0.031221 0.0228884 
0 8 5 12 -0.0337589 0.239289 
0 6 5 13 0.026855 0.242156 
0 2 2.5 14 0.172967 0.112899 
0 4 2.5 15 0.0946788 0.118951 
0 4 5 16 0.0963711 0.245444 
0 2 5 17 0.176906 0.249253 
0.5 0.5 -0.5 18 0.216872 -0.0605634 
0.5 0.5 6 19 0.23148 0.314853 
10.5 0.5 -0.5 20 -0.305336 -0.214158 
10.5 0.5 6 21 -0.347334 0.383161 
10.5 10.5 -0.5 22 -0.543696 -0.0545173 
10.5 10.5 6 23 -0.585777 0.305779 
0.5 10.5 -0.5 24 -0.109914 0.0135931 
0.5 10.5 6 25 -0.117256 0.279269 
0.5 5.5 9.5 26 0.0259541 0.478289 
10.5 5.5 9.5 27 -0.525629 0.612795 
0.5 6.5 -0.5 28 -0.00467728 -0.0102879 
0.5 8.5 -0.5 29 -0.0605058 0.00238106 
0.5 8.5 4.5 30 -0.0642978 0.216612 
0.5 6.5 4.5 31 -0.00614298 0.217919 
0.5 2.5 2 32 0.134732 0.0865015 
0.5 4.5 2 33 0.0596831 0.0943924 
0.5 4.5 4.5 34 0.0604949 0.219417 
0.5 2.5 4.5 35 0.137618 0.221151 
