0 0 0 0 0.269716 -0.273903 
0 0 6.5 1 0.313865 0.118741 
10 0 0 2 -0.371946 -0.277541 
10 0 6.5 3 -0.333956 0.203608 
10 10 0 4 -0.345324 -0.129506 
10 10 6.5 5 -0.322847 0.152403 
0 10 0 6 0.058876 -0.144146 
0 10 6.5 7 0.0839652 0.104879 
0 5 10 8 0.190518 0.278373 
10 5 10 9 -0.311287 0.368156 
0 6 0 10 0.121562 -0.182725 
0 8 0 11 0.0877486 -0.161915 
0 8 5 12 0.108832 0.044099 
0 6 5 13 0.144864 0.0408804 
0 2 2.5 14 0.224745 -0.103347 
0 4 2.5 15 0.174633 -0.0859614 
0 4 5 16 0.187725 0.0370518 
0 2 5 17 0.23956 0.0324217 
0.5 0.5 -0.5 18 0.224448 -0.293019 
0.5 0.5 6 19 0.266749 0.0908859 
10.5 0.5 -0.5 20 -0.410669 -0.300667 
10.5 0.5 6 21 -0.374613 0.167428 
10.5 10.5 -0.5 22 -0.368712 -0.14546 
10.5 10.5 6 23 -0.346915 0.131918 
0.5 10.5 -0.5 24 0.0327373 -0.158103 
0.5 10.5 6 25 0.0571546 0.0873795 
0.5 5.5 9.5 26 0.155668 0.253894 
10.5 5.5 9.5 27 -0.342125 0.337911 
0.5 6.5 -0.5 28 0.090043 -0.198432 
0.5 8.5 -0.5 29 0.0591641 -0.176701 
0.5 8.5 4.5 30 0.0796403 0.0261641 
0.5 6.5 4.5 31 0.112617 0.0214683 
0.5 2.5 2 32 0.184632 -0.123864 
0.5 4.5 2 33 0.139091 -0.104877 
0.5 4.5 4.5 34 0.151736 0.0158978 
0.5 2.5 4.5 35 0.198889 0.00918312 
