0 0 0 0 0.294721 -0.531659 
0 0 6.5 1 0.235317 0.0815596 
10 0 0 2 -0.223157 -0.353087 
10 0 6.5 3 -0.261161 0.0138471 
10 10 0 4 0.125216 -0.219713 
10 10 6.5 5 0.0993486 0.0422765 
0 10 0 6 0.575101 -0.273167 
0 10 6.5 7 0.541018 0.094155 
0 5 10 8 0.403192 0.339185 
10 5 10 9 -0.0673605 0.196094 
0 6 0 10 0.495097 -0.346925 
0 8 0 11 0.538588 -0.306829 
0 8 5 12 0.509956 -1.61928e-05 
0 6 5 13 0.463522 -0.0108449 
0 2 2.5 14 0.357481 -0.248453 
0 4 2.5 15 0.424866 -0.210194 
0 4 5 16 0.407227 -0.023973 
0 2 5 17 0.33756 -0.0402197 
0.5 0.5 -0.5 18 0.280395 -0.541304 
0.5 0.5 6 19 0.22467 0.0327134 
10.5 0.5 -0.5 20 -0.21181 -0.365962 
10.5 0.5 6 21 -0.248275 -0.0134339 
10.5 10.5 -0.5 22 0.123622 -0.232751 
10.5 10.5 6 23 0.0984782 0.0218107 
0.5 10.5 -0.5 24 0.555388 -0.289152 
0.5 10.5 6 25 0.522544 0.0637349 
0.5 5.5 9.5 26 0.386913 0.289423 
10.5 5.5 9.5 27 -0.0629027 0.167209 
0.5 6.5 -0.5 28 0.47547 -0.362431 
0.5 8.5 -0.5 29 0.518767 -0.322731 
0.5 8.5 4.5 30 0.49127 -0.0289659 
0.5 6.5 4.5 31 0.44527 -0.0419445 
0.5 2.5 2 32 0.341178 -0.27302 
0.5 4.5 2 33 0.406783 -0.234232 
0.5 4.5 4.5 34 0.389999 -0.0575387 
0.5 2.5 4.5 35 0.322341 -0.076628 
