0 0 0 0 0.207051 -0.390225 
0 0 6.5 1 0.191548 -0.0877837 
10 0 0 2 0.695035 -0.518107 
10 0 6.5 3 0.624748 -0.0117306 
10 10 0 4 -0.02961 -0.69515 
10 10 6.5 5 -0.0347466 0.0592365 
0 10 0 6 -0.266384 -0.444493 
0 10 6.5 7 -0.252648 -0.0683512 
0 5 10 8 -0.00949767 0.0847624 
10 5 10 9 0.331416 0.291995 
0 6 0 10 -0.0513298 -0.419842 
0 8 0 11 -0.153766 -0.431584 
0 8 5 12 -0.14934 -0.151408 
0 6 5 13 -0.0521684 -0.152285 
0 2 2.5 14 0.123482 -0.27369 
0 4 2.5 15 0.0395582 -0.277988 
0 4 5 16 0.0369976 -0.153089 
0 2 5 17 0.119108 -0.15383 
0.5 0.5 -0.5 18 0.203586 -0.421926 
0.5 0.5 6 19 0.187754 -0.10727 
10.5 0.5 -0.5 20 0.719978 -0.581523 
10.5 0.5 6 21 0.643234 -0.0399482 
10.5 10.5 -0.5 22 -0.062521 -0.811761 
10.5 10.5 6 23 -0.0633483 0.0234719 
0.5 10.5 -0.5 24 -0.292463 -0.486922 
0.5 10.5 6 25 -0.276257 -0.0917085 
0.5 5.5 9.5 26 -0.0209369 0.0702365 
10.5 5.5 9.5 27 0.333296 0.27985 
0.5 6.5 -0.5 28 -0.0660183 -0.457252 
0.5 8.5 -0.5 29 -0.173647 -0.471354 
0.5 8.5 4.5 30 -0.167966 -0.177477 
0.5 6.5 4.5 31 -0.0661336 -0.177224 
0.5 2.5 2 32 0.116859 -0.301637 
0.5 4.5 2 33 0.0293997 -0.307327 
0.5 4.5 4.5 34 0.0269929 -0.176993 
0.5 2.5 4.5 35 0.112484 -0.176781 
