0 0 0 0 0.327949 -0.545168 
0 0 6.5 1 0.26399 0.062378 
10 0 0 2 -0.224898 -0.384922 
10 0 6.5 3 -0.260212 -0.0114823 
10 10 0 4 0.112225 -0.248499 
10 10 6.5 5 0.0856922 0.0127057 
0 10 0 6 0.562505 -0.292287 
0 10 6.5 7 0.522991 0.0652929 
0 5 10 8 0.400772 0.303282 
10 5 10 9 -0.0730833 0.166695 
0 6 0 10 0.496404 -0.363553 
0 8 0 11 0.532418 -0.324725 
0 8 5 12 0.49944 -0.02446 
0 6 5 13 0.460437 -0.0336542 
0 2 2.5 14 0.375829 -0.26342 
0 4 2.5 15 0.432675 -0.227182 
0 4 5 16 0.412974 -0.0448426 
0 2 5 17 0.353965 -0.0587529 
0.5 0.5 -0.5 18 0.309054 -0.557154 
0.5 0.5 6 19 0.249194 0.0136204 
10.5 0.5 -0.5 20 -0.21542 -0.398648 
10.5 0.5 6 21 -0.249448 -0.0394322 
10.5 10.5 -0.5 22 0.109715 -0.261949 
10.5 10.5 6 23 0.0839166 -0.00778281 
0.5 10.5 -0.5 24 0.542391 -0.308908 
0.5 10.5 6 25 0.504472 0.0356092 
0.5 5.5 9.5 26 0.383405 0.255632 
10.5 5.5 9.5 27 -0.0701154 0.137915 
0.5 6.5 -0.5 28 0.475417 -0.380161 
0.5 8.5 -0.5 29 0.511786 -0.341469 
0.5 8.5 4.5 30 0.480248 -0.0531383 
0.5 6.5 4.5 31 0.441158 -0.0646125 
0.5 2.5 2 32 0.356599 -0.28922 
0.5 4.5 2 33 0.412679 -0.252067 
0.5 4.5 4.5 34 0.394 -0.0784552 
0.5 2.5 4.5 35 0.335988 -0.095484 
