0 0 0 0 0.0536902 -0.261836 
0 0 6.5 1 0.0153423 0.421768 
10 0 0 2 -0.244563 -0.0851972 
10 0 6.5 3 -0.281449 0.275221 
10 10 0 4 0.172712 -0.011241 
10 10 6.5 5 0.162751 0.273324 
0 10 0 6 0.611302 -0.0871296 
0 10 6.5 7 0.627158 0.366725 
0 5 10 8 0.386879 0.724041 
10 5 10 9 -0.0438729 0.459127 
0 6 0 10 0.439246 -0.141037 
0 8 0 11 0.531365 -0.112175 
0 8 5 12 0.539527 0.255443 
0 6 5 13 0.442172 0.25454 
0 2 2.5 14 0.198391 0.0103557 
0 4 2.5 15 0.329856 0.0322027 
0 4 5 16 0.327637 0.253477 
0 2 5 17 0.190935 0.252208 
0.5 0.5 -0.5 18 0.0691581 -0.278404 
0.5 0.5 6 19 0.0353845 0.35064 
10.5 0.5 -0.5 20 -0.224321 -0.101311 
10.5 0.5 6 21 -0.258568 0.243385 
10.5 10.5 -0.5 22 0.175877 -0.0263681 
10.5 10.5 6 23 0.166377 0.248317 
0.5 10.5 -0.5 24 0.595154 -0.106863 
0.5 10.5 6 25 0.609081 0.322355 
0.5 5.5 9.5 26 0.379637 0.645136 
10.5 5.5 9.5 27 -0.0320138 0.423473 
0.5 6.5 -0.5 28 0.430214 -0.160654 
0.5 8.5 -0.5 29 0.518225 -0.131952 
0.5 8.5 4.5 30 0.525209 0.214686 
0.5 6.5 4.5 31 0.432425 0.210722 
0.5 2.5 2 32 0.203448 -0.0233901 
0.5 4.5 2 33 0.326489 -0.000174157 
0.5 4.5 4.5 34 0.3243 0.206104 
0.5 2.5 4.5 35 0.196685 0.200653 
