0 0 0 0 0.231382 -0.395174 
0 0 6.5 1 0.208423 -0.0864773 
10 0 0 2 0.713799 -0.542935 
10 0 6.5 3 0.630389 -0.00505504 
10 10 0 4 -0.101366 -0.738923 
10 10 6.5 5 -0.112912 0.0294558 
0 10 0 6 -0.255997 -0.457514 
0 10 6.5 7 -0.251859 -0.0847501 
0 5 10 8 -0.00719958 0.0801553 
10 5 10 9 0.290591 0.297189 
0 6 0 10 -0.0385918 -0.429706 
0 8 0 11 -0.142955 -0.443055 
0 8 5 12 -0.145345 -0.163723 
0 6 5 13 -0.045786 -0.161222 
0 2 2.5 14 0.14022 -0.278516 
0 4 2.5 15 0.052268 -0.285132 
0 4 5 16 0.0467439 -0.158897 
0 2 5 17 0.132964 -0.15673 
0.5 0.5 -0.5 18 0.226541 -0.428185 
0.5 0.5 6 19 0.203073 -0.107146 
10.5 0.5 -0.5 20 0.736595 -0.612681 
10.5 0.5 6 21 0.646031 -0.0361967 
10.5 10.5 -0.5 22 -0.146678 -0.861179 
10.5 10.5 6 23 -0.152941 -0.0116965 
0.5 10.5 -0.5 24 -0.283246 -0.500421 
0.5 10.5 6 25 -0.277102 -0.109531 
0.5 5.5 9.5 26 -0.0206016 0.0642939 
10.5 5.5 9.5 27 0.285681 0.282542 
0.5 6.5 -0.5 28 -0.0548984 -0.468064 
0.5 8.5 -0.5 29 -0.164322 -0.48357 
0.5 8.5 4.5 30 -0.165727 -0.191051 
0.5 6.5 4.5 31 -0.061575 -0.187415 
0.5 2.5 2 32 0.131991 -0.307701 
0.5 4.5 2 33 0.0404023 -0.315661 
0.5 4.5 4.5 34 0.0349522 -0.184045 
0.5 2.5 4.5 35 0.124662 -0.180913 
