0 0 0 0 -0.231198 -0.0152414 
0 0 6.5 1 -0.255997 0.252338 
10 0 0 2 0.162058 0.0110766 
10 0 6.5 3 0.155623 0.270885 
10 10 0 4 0.319805 -0.0849348 
10 10 6.5 5 0.3208 0.339597 
0 10 0 6 -0.320213 -0.133578 
0 10 6.5 7 -0.369361 0.312103 
0 5 10 8 -0.317495 0.471133 
10 5 10 9 0.214947 0.485591 
0 6 0 10 -0.273595 -0.0716036 
0 8 0 11 -0.294224 -0.099029 
0 8 5 12 -0.325514 0.198785 
0 6 5 13 -0.300549 0.195356 
0 2 2.5 14 -0.253216 0.0776787 
0 4 2.5 15 -0.268391 0.0691598 
0 4 5 16 -0.280447 0.192594 
0 2 5 17 -0.263912 0.190322 
0.5 0.5 -0.5 18 -0.211471 -0.0374701 
0.5 0.5 6 19 -0.235732 0.23323 
10.5 0.5 -0.5 20 0.186798 -0.0100522 
10.5 0.5 6 21 0.181386 0.252704 
10.5 10.5 -0.5 22 0.363832 -0.121629 
10.5 10.5 6 23 0.368197 0.31082 
0.5 10.5 -0.5 24 -0.289562 -0.173526 
0.5 10.5 6 25 -0.337556 0.280854 
0.5 5.5 9.5 26 -0.292276 0.450621 
10.5 5.5 9.5 27 0.249401 0.466259 
0.5 6.5 -0.5 28 -0.248476 -0.101943 
0.5 8.5 -0.5 29 -0.266606 -0.133531 
0.5 8.5 4.5 30 -0.297143 0.169295 
0.5 6.5 4.5 31 -0.274791 0.169042 
0.5 2.5 2 32 -0.23173 0.0545878 
0.5 4.5 2 33 -0.245092 0.043673 
0.5 4.5 4.5 34 -0.256873 0.168839 
0.5 2.5 4.5 35 -0.242188 0.168672 
