0 0 0 0 0.403773 -0.579869 
0 0 6.5 1 0.352541 -0.0395247 
10 0 0 2 -0.297068 -0.510263 
10 0 6.5 3 -0.285024 -0.0867802 
10 10 0 4 -0.0414959 -0.388187 
10 10 6.5 5 -0.0461058 -0.121845 
0 10 0 6 0.395134 -0.407636 
0 10 6.5 7 0.365482 -0.0994204 
0 5 10 8 0.34257 0.112116 
10 5 10 9 -0.139513 0.0525051 
0 6 0 10 0.397494 -0.454692 
0 8 0 11 0.396201 -0.428916 
0 8 5 12 0.370941 -0.165864 
0 6 5 13 0.369637 -0.163952 
0 2 2.5 14 0.382993 -0.336622 
0 4 2.5 15 0.383104 -0.319239 
0 4 5 16 0.368042 -0.161613 
0 2 5 17 0.366048 -0.158689 
0.5 0.5 -0.5 18 0.364028 -0.604904 
0.5 0.5 6 19 0.31842 -0.0834319 
10.5 0.5 -0.5 20 -0.304568 -0.532245 
10.5 0.5 6 21 -0.292354 -0.120421 
10.5 10.5 -0.5 22 -0.0517022 -0.404705 
10.5 10.5 6 23 -0.055735 -0.143002 
0.5 10.5 -0.5 24 0.372507 -0.426285 
0.5 10.5 6 25 0.344781 -0.124267 
0.5 5.5 9.5 26 0.318223 0.0761393 
10.5 5.5 9.5 27 -0.148598 0.0234579 
0.5 6.5 -0.5 28 0.370159 -0.475761 
0.5 8.5 -0.5 29 0.371442 -0.448723 
0.5 8.5 4.5 30 0.347977 -0.191544 
0.5 6.5 4.5 31 0.344475 -0.192185 
0.5 2.5 2 32 0.350251 -0.366549 
0.5 4.5 2 33 0.35399 -0.346408 
0.5 4.5 4.5 34 0.340217 -0.192963 
0.5 2.5 4.5 35 0.334931 -0.19393 
