0 0 0 0 0.241125 -0.39942 
0 0 6.5 1 0.215302 -0.0879438 
10 0 0 2 0.719529 -0.561605 
10 0 6.5 3 0.631637 -0.00896913 
10 10 0 4 -0.132459 -0.767569 
10 10 6.5 5 -0.147076 0.00628758 
0 10 0 6 -0.251358 -0.465573 
0 10 6.5 7 -0.251379 -0.0943664 
0 5 10 8 -0.00639293 0.0760638 
10 5 10 9 0.27158 0.292038 
0 6 0 10 -0.0334522 -0.436303 
0 8 0 11 -0.138408 -0.450401 
0 8 5 12 -0.143677 -0.171567 
0 6 5 13 -0.0432591 -0.167526 
0 2 2.5 14 0.146891 -0.282862 
0 4 2.5 15 0.0573086 -0.290577 
0 4 5 16 0.050593 -0.163749 
0 2 5 17 0.138503 -0.160211 
0.5 0.5 -0.5 18 0.235639 -0.433152 
0.5 0.5 6 19 0.209242 -0.109333 
10.5 0.5 -0.5 20 0.741 -0.634812 
10.5 0.5 6 21 0.645794 -0.0421194 
10.5 10.5 -0.5 22 -0.182755 -0.892833 
10.5 10.5 6 23 -0.191905 -0.0383285 
0.5 10.5 -0.5 24 -0.279002 -0.508833 
0.5 10.5 6 25 -0.277248 -0.119987 
0.5 5.5 9.5 26 -0.0206385 0.0593922 
10.5 5.5 9.5 27 0.263512 0.275436 
0.5 6.5 -0.5 28 -0.0504259 -0.47522 
0.5 8.5 -0.5 29 -0.160349 -0.491384 
0.5 8.5 4.5 30 -0.164764 -0.199651 
0.5 6.5 4.5 31 -0.0598119 -0.194472 
0.5 2.5 2 32 0.137943 -0.312765 
0.5 4.5 2 33 0.0447042 -0.321805 
0.5 4.5 4.5 34 0.0380273 -0.189644 
0.5 2.5 4.5 35 0.129453 -0.185132 
