0 0 0 0 -0.0900577 -0.254911 
0 0 6.5 1 -0.120484 0.444927 
10 0 0 2 -0.248089 -0.0435423 
10 0 6.5 3 -0.274118 0.312832 
10 10 0 4 0.199423 0.00531714 
10 10 6.5 5 0.204094 0.302942 
0 10 0 6 0.612998 -0.115902 
0 10 6.5 7 0.663108 0.388149 
0 5 10 8 0.355618 0.789052 
10 5 10 9 -0.0171073 0.499909 
0 6 0 10 0.383334 -0.161312 
0 8 0 11 0.504779 -0.137299 
0 8 5 12 0.536011 0.263405 
0 6 5 13 0.406137 0.263922 
0 2 2.5 14 0.0882896 0.011406 
0 4 2.5 15 0.251675 0.0280058 
0 4 5 16 0.25779 0.264512 
0 2 5 17 0.0867259 0.265192 
0.5 0.5 -0.5 18 -0.0572888 -0.270925 
0.5 0.5 6 19 -0.0809479 0.371902 
10.5 0.5 -0.5 20 -0.224512 -0.0600696 
10.5 0.5 6 21 -0.247901 0.28098 
10.5 10.5 -0.5 22 0.205214 -0.0101305 
10.5 10.5 6 23 0.210057 0.276742 
0.5 10.5 -0.5 24 0.60124 -0.13491 
0.5 10.5 6 25 0.647407 0.338987 
0.5 5.5 9.5 26 0.357579 0.700191 
10.5 5.5 9.5 27 -0.00208973 0.462958 
0.5 6.5 -0.5 28 0.383359 -0.179912 
0.5 8.5 -0.5 29 0.498234 -0.156185 
0.5 8.5 4.5 30 0.527149 0.219749 
0.5 6.5 4.5 31 0.404754 0.217514 
0.5 2.5 2 32 0.10824 -0.0222093 
0.5 4.5 2 33 0.260026 -0.00451843 
0.5 4.5 4.5 34 0.266099 0.214982 
0.5 2.5 4.5 35 0.107711 0.212091 
