0 0 0 0 0.256256 -0.0420783 
0 0 6.5 1 0.258671 0.331375 
10 0 0 2 -0.176484 -0.222279 
10 0 6.5 3 -0.225435 0.416209 
10 10 0 4 -0.546751 -0.0869354 
10 10 6.5 5 -0.603064 0.303499 
0 10 0 6 -0.117371 0.00522851 
0 10 6.5 7 -0.134404 0.277591 
0 5 10 8 0.0243346 0.485486 
10 5 10 9 -0.497619 0.645258 
0 6 0 10 0.00563457 -0.0103458 
0 8 0 11 -0.0592936 -0.00212492 
0 8 5 12 -0.0706481 0.216687 
0 6 5 13 -0.00363161 0.221573 
0 2 2.5 14 0.16011 0.0985116 
0 4 2.5 15 0.0755094 0.100994 
0 4 5 16 0.0721705 0.227101 
0 2 5 17 0.158607 0.233403 
0.5 0.5 -0.5 18 0.217964 -0.070998 
0.5 0.5 6 19 0.217718 0.299417 
10.5 0.5 -0.5 20 -0.239002 -0.270133 
10.5 0.5 6 21 -0.295366 0.35938 
10.5 10.5 -0.5 22 -0.584793 -0.117192 
10.5 10.5 6 23 -0.643721 0.269893 
0.5 10.5 -0.5 24 -0.144868 -0.0161668 
0.5 10.5 6 25 -0.163247 0.254577 
0.5 5.5 9.5 26 -0.0105995 0.457417 
10.5 5.5 9.5 27 -0.551575 0.599681 
0.5 6.5 -0.5 28 -0.0253623 -0.0342266 
0.5 8.5 -0.5 29 -0.0884368 -0.0246947 
0.5 8.5 4.5 30 -0.100944 0.192748 
0.5 6.5 4.5 31 -0.0359354 0.196155 
0.5 2.5 2 32 0.123758 0.0705306 
0.5 4.5 2 33 0.0416777 0.0747962 
0.5 4.5 4.5 34 0.0375749 0.200007 
0.5 2.5 4.5 35 0.121372 0.204398 
