0 0 0 0 0.382501 -0.684207 
0 0 6.5 1 0.354483 -0.155747 
10 0 0 2 -0.343653 -0.602275 
10 0 6.5 3 -0.309495 -0.151723 
10 10 0 4 -0.118396 -0.444264 
10 10 6.5 5 -0.108393 -0.171264 
0 10 0 6 0.313854 -0.475206 
0 10 6.5 7 0.301112 -0.175429 
0 5 10 8 0.312314 0.0167899 
10 5 10 9 -0.17704 0.00247216 
0 6 0 10 0.332639 -0.532398 
0 8 0 11 0.322351 -0.501077 
0 8 5 12 0.311127 -0.245112 
0 6 5 13 0.319767 -0.249257 
0 2 2.5 14 0.352186 -0.434441 
0 4 2.5 15 0.337616 -0.408072 
0 4 5 16 0.330324 -0.254322 
0 2 5 17 0.343518 -0.260652 
0.5 0.5 -0.5 18 0.337995 -0.704919 
0.5 0.5 6 19 0.314934 -0.192742 
10.5 0.5 -0.5 20 -0.35834 -0.622697 
10.5 0.5 6 21 -0.324055 -0.183994 
10.5 10.5 -0.5 22 -0.131834 -0.459878 
10.5 10.5 6 23 -0.121358 -0.191246 
0.5 10.5 -0.5 24 0.289771 -0.491634 
0.5 10.5 6 25 0.278582 -0.197124 
0.5 5.5 9.5 26 0.284812 -0.0141896 
10.5 5.5 9.5 27 -0.190908 -0.0251489 
0.5 6.5 -0.5 28 0.303127 -0.550702 
0.5 8.5 -0.5 29 0.295828 -0.518421 
0.5 8.5 4.5 30 0.286064 -0.267454 
0.5 6.5 4.5 31 0.292047 -0.273673 
0.5 2.5 2 32 0.315625 -0.459847 
0.5 4.5 2 33 0.305526 -0.431403 
0.5 4.5 4.5 34 0.299322 -0.281234 
0.5 2.5 4.5 35 0.308357 -0.290625 
