0 0 0 0 0.292621 -0.316328 
0 0 6.5 1 0.254511 0.0264404 
10 0 0 2 0.429132 -0.54513 
10 0 6.5 3 0.341374 0.163192 
10 10 0 4 -0.575133 -0.55729 
10 10 6.5 5 -0.580585 0.0540111 
0 10 0 6 -0.215106 -0.340141 
0 10 6.5 7 -0.231454 -0.0217771 
0 5 10 8 -0.0111753 0.168783 
10 5 10 9 -0.173216 0.41869 
0 6 0 10 -0.0216513 -0.331067 
0 8 0 11 -0.119885 -0.335675 
0 8 5 12 -0.13556 -0.0850505 
0 6 5 13 -0.0404994 -0.0767354 
0 2 2.5 14 0.171345 -0.188309 
0 4 2.5 15 0.0684608 -0.19525 
0 4 5 16 0.0575242 -0.0681611 
0 2 5 17 0.158651 -0.0593154 
0.5 0.5 -0.5 18 0.270879 -0.351422 
0.5 0.5 6 19 0.23272 0.00132133 
10.5 0.5 -0.5 20 0.389757 -0.633899 
10.5 0.5 6 21 0.300849 0.11836 
10.5 10.5 -0.5 22 -0.655982 -0.632824 
10.5 10.5 6 23 -0.655775 0.0108481 
0.5 10.5 -0.5 24 -0.24728 -0.37305 
0.5 10.5 6 25 -0.262776 -0.0461088 
0.5 5.5 9.5 26 -0.0378905 0.148484 
10.5 5.5 9.5 27 -0.232451 0.390629 
0.5 6.5 -0.5 28 -0.050093 -0.364819 
0.5 8.5 -0.5 29 -0.150259 -0.369 
0.5 8.5 4.5 30 -0.16539 -0.111469 
0.5 6.5 4.5 31 -0.0685228 -0.10337 
0.5 2.5 2 32 0.147266 -0.219049 
0.5 4.5 2 33 0.0422318 -0.225663 
0.5 4.5 4.5 34 0.0314365 -0.0950121 
0.5 2.5 4.5 35 0.134638 -0.0863834 
