0 0 0 0 0.284203 -0.257636 
0 0 6.5 1 0.252356 0.0907869 
10 0 0 2 0.144504 -0.578584 
10 0 6.5 3 0.07811 0.109053 
10 10 0 4 -0.580586 -0.46604 
10 10 6.5 5 -0.637655 0.0165979 
0 10 0 6 -0.170819 -0.247255 
0 10 6.5 7 -0.200953 0.0394644 
0 5 10 8 -0.0133537 0.234501 
10 5 10 9 -0.377332 0.368236 
0 6 0 10 -0.00946447 -0.250936 
0 8 0 11 -0.0930822 -0.249029 
0 8 5 12 -0.11653 -0.0208488 
0 6 5 13 -0.0332084 -0.0140772 
0 2 2.5 14 0.166224 -0.127533 
0 4 2.5 15 0.0687651 -0.130337 
0 4 5 16 0.0567136 -0.00676917 
0 2 5 17 0.154052 0.0011416 
0.5 0.5 -0.5 18 0.255097 -0.292119 
0.5 0.5 6 19 0.22251 0.0606406 
10.5 0.5 -0.5 20 0.0826082 -0.656066 
10.5 0.5 6 21 0.013071 0.048657 
10.5 10.5 -0.5 22 -0.637327 -0.518048 
10.5 10.5 6 23 -0.696323 -0.0270538 
0.5 10.5 -0.5 24 -0.199749 -0.275495 
0.5 10.5 6 25 -0.230471 0.0141551 
0.5 5.5 9.5 26 -0.043651 0.208941 
10.5 5.5 9.5 27 -0.441398 0.324131 
0.5 6.5 -0.5 28 -0.0387009 -0.281381 
0.5 8.5 -0.5 29 -0.122193 -0.278329 
0.5 8.5 4.5 30 -0.146113 -0.0477364 
0.5 6.5 4.5 31 -0.062939 -0.0419207 
0.5 2.5 2 32 0.136699 -0.159043 
0.5 4.5 2 33 0.0392169 -0.160624 
0.5 4.5 4.5 34 0.0269049 -0.0356385 
0.5 2.5 4.5 35 0.124255 -0.0288316 
