0 0 0 0 0.203425 -0.390472 
0 0 6.5 1 0.189051 -0.0888352 
10 0 0 2 0.691906 -0.517227 
10 0 6.5 3 0.623722 -0.0148562 
10 10 0 4 -0.0196311 -0.692893 
10 10 6.5 5 -0.0238827 0.0598575 
0 10 0 6 -0.267863 -0.443933 
0 10 6.5 7 -0.252786 -0.0672213 
0 5 10 8 -0.00990133 0.084485 
10 5 10 9 0.336874 0.288833 
0 6 0 10 -0.0532437 -0.419588 
0 8 0 11 -0.15536 -0.431171 
0 8 5 12 -0.149963 -0.15083 
0 6 5 13 -0.0531601 -0.152119 
0 2 2.5 14 0.120968 -0.274006 
0 4 2.5 15 0.0376319 -0.278044 
0 4 5 16 0.0355079 -0.153299 
0 2 5 17 0.117025 -0.154385 
0.5 0.5 -0.5 18 0.200144 -0.422052 
0.5 0.5 6 19 0.185468 -0.108226 
10.5 0.5 -0.5 20 0.717072 -0.579988 
10.5 0.5 6 21 0.642558 -0.042877 
10.5 10.5 -0.5 22 -0.0507425 -0.809072 
10.5 10.5 6 23 -0.0508608 0.0244507 
0.5 10.5 -0.5 24 -0.293752 -0.486378 
0.5 10.5 6 25 -0.276149 -0.0904702 
0.5 5.5 9.5 26 -0.0210633 0.0700667 
10.5 5.5 9.5 27 0.339662 0.276781 
0.5 6.5 -0.5 28 -0.0676972 -0.456936 
0.5 8.5 -0.5 29 -0.175016 -0.470914 
0.5 8.5 4.5 30 -0.168331 -0.176809 
0.5 6.5 4.5 31 -0.0668634 -0.176964 
0.5 2.5 2 32 0.114566 -0.30185 
0.5 4.5 2 33 0.0277136 -0.307289 
0.5 4.5 4.5 34 0.0257545 -0.177106 
0.5 2.5 4.5 35 0.110632 -0.177235 
