0 0 0 0 -0.690499 -0.432091 
0 0 6.5 1 -0.614095 0.10963 
10 0 0 2 -0.24598 -0.286228 
10 0 6.5 3 -0.212981 0.0159924 
10 10 0 4 0.233118 -0.368388 
10 10 6.5 5 0.258739 -0.016179 
0 10 0 6 0.154706 -0.652024 
0 10 6.5 7 0.210632 0.0745744 
0 5 10 8 -0.223278 0.405751 
10 5 10 9 0.0211503 0.169769 
0 6 0 10 -0.243717 -0.548349 
0 8 0 11 -0.0571068 -0.596907 
0 8 5 12 -0.00797035 -0.0675936 
0 6 5 13 -0.190561 -0.0511516 
0 2 2.5 14 -0.527924 -0.241328 
0 4 2.5 15 -0.380869 -0.266737 
0 4 5 16 -0.353356 -0.0364921 
0 2 5 17 -0.499409 -0.0233402 
0.5 0.5 -0.5 18 -0.626465 -0.469646 
0.5 0.5 6 19 -0.554331 0.0611443 
10.5 0.5 -0.5 20 -0.216066 -0.309199 
10.5 0.5 6 21 -0.184168 -0.0104077 
10.5 10.5 -0.5 22 0.2604 -0.393762 
10.5 10.5 6 23 0.284928 -0.0462089 
0.5 10.5 -0.5 24 0.212935 -0.694899 
0.5 10.5 6 25 0.264181 0.0121042 
0.5 5.5 9.5 26 -0.166997 0.344534 
10.5 5.5 9.5 27 0.0484177 0.139697 
0.5 6.5 -0.5 28 -0.181075 -0.589166 
0.5 8.5 -0.5 29 0.00383768 -0.638788 
0.5 8.5 4.5 30 0.0492694 -0.123019 
0.5 6.5 4.5 31 -0.131586 -0.10393 
0.5 2.5 2 32 -0.465679 -0.284892 
0.5 4.5 2 33 -0.319103 -0.311981 
0.5 4.5 4.5 34 -0.293336 -0.086857 
0.5 2.5 4.5 35 -0.438854 -0.0714975 
