0 0 0 0 0.0729742 -0.376131 
0 0 6.5 1 0.092317 -0.102844 
10 0 0 2 0.5288 -0.518622 
10 0 6.5 3 0.536596 -0.131524 
10 10 0 4 0.206415 -0.753361 
10 10 6.5 5 0.242185 -0.0885631 
0 10 0 6 -0.308859 -0.452891 
0 10 6.5 7 -0.265458 -0.0653222 
0 5 10 8 -0.0420113 0.0761608 
10 5 10 9 0.434456 0.12723 
0 6 0 10 -0.122887 -0.415505 
0 8 0 11 -0.2086 -0.432736 
0 8 5 12 -0.180495 -0.155104 
0 6 5 13 -0.0991903 -0.15793 
0 2 2.5 14 0.0247297 -0.27365 
0 4 2.5 15 -0.0385453 -0.278885 
0 4 5 16 -0.0285924 -0.160384 
0 2 5 17 0.0332827 -0.162535 
0.5 0.5 -0.5 18 0.074218 -0.406516 
0.5 0.5 6 19 0.094139 -0.123566 
10.5 0.5 -0.5 20 0.552058 -0.568825 
10.5 0.5 6 21 0.559183 -0.162083 
10.5 10.5 -0.5 22 0.220831 -0.862834 
10.5 10.5 6 23 0.25829 -0.138 
0.5 10.5 -0.5 24 -0.325219 -0.500431 
0.5 10.5 6 25 -0.279121 -0.0931411 
0.5 5.5 9.5 26 -0.0448493 0.0588589 
10.5 5.5 9.5 27 0.456574 0.103985 
0.5 6.5 -0.5 28 -0.12927 -0.45436 
0.5 8.5 -0.5 29 -0.219247 -0.475515 
0.5 8.5 4.5 30 -0.189616 -0.184785 
0.5 6.5 4.5 31 -0.104457 -0.185548 
0.5 2.5 2 32 0.0243673 -0.302059 
0.5 4.5 2 33 -0.0412752 -0.309453 
0.5 4.5 4.5 34 -0.0309214 -0.186207 
0.5 2.5 4.5 35 0.0332174 -0.186782 
