0 0 0 0 0.0135304 -0.164125 
0 0 6.5 1 0.0389843 0.0891101 
10 0 0 2 0.432566 -0.252366 
10 0 6.5 3 0.466374 0.0679347 
10 10 0 4 0.288965 -0.39642 
10 10 6.5 5 0.34626 0.154302 
0 10 0 6 -0.291755 -0.219592 
0 10 6.5 7 -0.255053 0.158818 
0 5 10 8 -0.0625732 0.281325 
10 5 10 9 0.445319 0.31936 
0 6 0 10 -0.139465 -0.191923 
0 8 0 11 -0.208775 -0.204515 
0 8 5 12 -0.182853 0.0601343 
0 6 5 13 -0.115487 0.0509014 
0 2 2.5 14 -0.0198445 -0.0679863 
0 4 2.5 15 -0.0695672 -0.0692322 
0 4 5 16 -0.0584006 0.0430775 
0 2 5 17 -0.00940859 0.036363 
0.5 0.5 -0.5 18 0.0180362 -0.189573 
0.5 0.5 6 19 0.044206 0.0705695 
10.5 0.5 -0.5 20 0.452994 -0.287891 
10.5 0.5 6 21 0.488071 0.0435409 
10.5 10.5 -0.5 22 0.31609 -0.467908 
10.5 10.5 6 23 0.377135 0.116562 
0.5 10.5 -0.5 24 -0.297642 -0.260418 
0.5 10.5 6 25 -0.259433 0.133626 
0.5 5.5 9.5 26 -0.0596506 0.265339 
10.5 5.5 9.5 27 0.472158 0.299448 
0.5 6.5 -0.5 28 -0.13909 -0.224836 
0.5 8.5 -0.5 29 -0.210981 -0.24097 
0.5 8.5 4.5 30 -0.184085 0.0335837 
0.5 6.5 4.5 31 -0.11428 0.0263003 
0.5 2.5 2 32 -0.0159904 -0.0924814 
0.5 4.5 2 33 -0.0669942 -0.095693 
0.5 4.5 4.5 34 -0.0554678 0.0201638 
0.5 2.5 4.5 35 -0.00524096 0.0149232 
