0 0 0 0 0.352423 -0.660518 
0 0 6.5 1 0.343848 -0.158592 
10 0 0 2 -0.370281 -0.58832 
10 0 6.5 3 -0.324179 -0.131754 
10 10 0 4 -0.171545 -0.425466 
10 10 6.5 5 -0.152375 -0.152897 
0 10 0 6 0.253222 -0.458043 
0 10 6.5 7 0.252912 -0.169911 
0 5 10 8 0.28552 0.0136743 
10 5 10 9 -0.203904 0.0233552 
0 6 0 10 0.280639 -0.514003 
0 8 0 11 0.26565 -0.48341 
0 8 5 12 0.26488 -0.238164 
0 6 5 13 0.279121 -0.243254 
0 2 2.5 14 0.320117 -0.423182 
0 4 2.5 15 0.297737 -0.396686 
0 4 5 16 0.29647 -0.249455 
0 2 5 17 0.31807 -0.257175 
0.5 0.5 -0.5 18 0.306559 -0.680224 
0.5 0.5 6 19 0.301859 -0.192468 
10.5 0.5 -0.5 20 -0.389804 -0.608634 
10.5 0.5 6 21 -0.343618 -0.163786 
10.5 10.5 -0.5 22 -0.187035 -0.440758 
10.5 10.5 6 23 -0.167512 -0.172387 
0.5 10.5 -0.5 24 0.228519 -0.473501 
0.5 10.5 6 25 0.229383 -0.190062 
0.5 5.5 9.5 26 0.256292 -0.0149051 
10.5 5.5 9.5 27 -0.220939 -0.00378942 
0.5 6.5 -0.5 28 0.250317 -0.531242 
0.5 8.5 -0.5 29 0.238422 -0.499733 
0.5 8.5 4.5 30 0.238757 -0.258912 
0.5 6.5 4.5 31 0.250163 -0.265881 
0.5 2.5 2 32 0.282079 -0.446782 
0.5 4.5 2 33 0.264423 -0.418394 
0.5 4.5 4.5 34 0.263995 -0.274334 
0.5 2.5 4.5 35 0.281121 -0.284799 
