0 0 0 0 0.366497 -0.683274 
0 0 6.5 1 0.349233 -0.167498 
10 0 0 2 -0.359967 -0.605211 
10 0 6.5 3 -0.318586 -0.14959 
10 10 0 4 -0.148571 -0.441111 
10 10 6.5 5 -0.133233 -0.167728 
0 10 0 6 0.279975 -0.473534 
0 10 6.5 7 0.274241 -0.179565 
0 5 10 8 0.297599 0.00710306 
10 5 10 9 -0.192367 0.00681582 
0 6 0 10 0.30376 -0.531191 
0 8 0 11 0.290744 -0.499641 
0 8 5 12 0.285405 -0.24898 
0 6 5 13 0.297264 -0.254138 
0 2 2.5 14 0.334773 -0.438318 
0 4 2.5 15 0.315659 -0.411004 
0 4 5 16 0.311735 -0.260432 
0 2 5 17 0.329789 -0.268285 
0.5 0.5 -0.5 18 0.321043 -0.703168 
0.5 0.5 6 19 0.308185 -0.202544 
10.5 0.5 -0.5 20 -0.377369 -0.625393 
10.5 0.5 6 21 -0.33588 -0.181596 
10.5 10.5 -0.5 22 -0.163174 -0.456489 
10.5 10.5 6 23 -0.147424 -0.187381 
0.5 10.5 -0.5 24 0.255504 -0.489343 
0.5 10.5 6 25 0.251121 -0.20032 
0.5 5.5 9.5 26 0.269082 -0.0224153 
10.5 5.5 9.5 27 -0.208015 -0.0204584 
0.5 6.5 -0.5 28 0.273724 -0.548786 
0.5 8.5 -0.5 29 0.263773 -0.516321 
0.5 8.5 4.5 30 0.259706 -0.270341 
0.5 6.5 4.5 31 0.268794 -0.277447 
0.5 2.5 2 32 0.297268 -0.462541 
0.5 4.5 2 33 0.282798 -0.433293 
0.5 4.5 4.5 34 0.279833 -0.286077 
0.5 2.5 4.5 35 0.293524 -0.296781 
