0 0 0 0 0.280742 -0.350823 
0 0 6.5 1 0.245082 -0.0304567 
10 0 0 2 0.664647 -0.601923 
10 0 6.5 3 0.578374 0.0234704 
10 10 0 4 -0.336243 -0.77514 
10 10 6.5 5 -0.380824 -0.0587962 
0 10 0 6 -0.222794 -0.417018 
0 10 6.5 7 -0.24765 -0.0743447 
0 5 10 8 -0.00947695 0.119772 
10 5 10 9 0.0941636 0.31768 
0 6 0 10 -0.0136123 -0.389519 
0 8 0 11 -0.116841 -0.403089 
0 8 5 12 -0.137936 -0.141565 
0 6 5 13 -0.0364667 -0.131556 
0 2 2.5 14 0.17191 -0.236625 
0 4 2.5 15 0.0746168 -0.2478 
0 4 5 16 0.0624771 -0.121797 
0 2 5 17 0.158988 -0.112278 
0.5 0.5 -0.5 18 0.269391 -0.38665 
0.5 0.5 6 19 0.23296 -0.0558844 
10.5 0.5 -0.5 20 0.665305 -0.689694 
10.5 0.5 6 21 0.573963 -0.0234457 
10.5 10.5 -0.5 22 -0.406045 -0.888096 
10.5 10.5 6 23 -0.449651 -0.117728 
0.5 10.5 -0.5 24 -0.251275 -0.457436 
0.5 10.5 6 25 -0.276153 -0.102845 
0.5 5.5 9.5 26 -0.0294973 0.098424 
10.5 5.5 9.5 27 0.0603188 0.286874 
0.5 6.5 -0.5 28 -0.0347228 -0.427995 
0.5 8.5 -0.5 29 -0.141544 -0.442518 
0.5 8.5 4.5 30 -0.162795 -0.171975 
0.5 6.5 4.5 31 -0.0578583 -0.161262 
0.5 2.5 2 32 0.157208 -0.269071 
0.5 4.5 2 33 0.0567186 -0.281012 
0.5 4.5 4.5 34 0.0443863 -0.150823 
0.5 2.5 4.5 35 0.144041 -0.140649 
