0 0 0 0 0.139668 -0.417203 
0 0 6.5 1 0.143972 -0.126288 
10 0 0 2 0.625211 -0.562088 
10 0 6.5 3 0.595308 -0.112737 
10 10 0 4 0.118289 -0.774115 
10 10 6.5 5 0.131102 -0.0373151 
0 10 0 6 -0.293742 -0.477921 
0 10 6.5 7 -0.259517 -0.0888508 
0 5 10 8 -0.0220963 0.053918 
10 5 10 9 0.406711 0.176531 
0 6 0 10 -0.0887255 -0.449199 
0 8 0 11 -0.184591 -0.46263 
0 8 5 12 -0.164773 -0.17821 
0 6 5 13 -0.0744145 -0.181913 
0 2 2.5 14 0.0750063 -0.304959 
0 4 2.5 15 0.00118934 -0.308494 
0 4 5 16 0.00602139 -0.18521 
0 2 5 17 0.0780844 -0.188163 
0.5 0.5 -0.5 18 0.138876 -0.448777 
0.5 0.5 6 19 0.143368 -0.146349 
10.5 0.5 -0.5 20 0.651446 -0.62016 
10.5 0.5 6 21 0.617914 -0.1428 
10.5 10.5 -0.5 22 0.114042 -0.895136 
10.5 10.5 6 23 0.128493 -0.0799951 
0.5 10.5 -0.5 24 -0.315998 -0.523937 
0.5 10.5 6 25 -0.278685 -0.113997 
0.5 5.5 9.5 26 -0.0290308 0.0384565 
10.5 5.5 9.5 27 0.421764 0.158879 
0.5 6.5 -0.5 28 -0.0994109 -0.48815 
0.5 8.5 -0.5 29 -0.200367 -0.504831 
0.5 8.5 4.5 30 -0.178898 -0.205984 
0.5 6.5 4.5 31 -0.084013 -0.208159 
0.5 2.5 2 32 0.0717935 -0.333435 
0.5 4.5 2 33 -0.00510455 -0.33877 
0.5 4.5 4.5 34 5.30167e-05 -0.210085 
0.5 2.5 4.5 35 0.075051 -0.211804 
