0 0 0 0 0.275963 -0.225151 
0 0 6.5 1 0.250258 0.124436 
10 0 0 2 0.0603062 -0.539274 
10 0 6.5 3 -0.0010286 0.125718 
10 10 0 4 -0.573299 -0.399523 
10 10 6.5 5 -0.636359 0.0498213 
0 10 0 6 -0.159696 -0.200915 
0 10 6.5 7 -0.189468 0.078257 
0 5 10 8 -0.0103624 0.272074 
10 5 10 9 -0.41907 0.387973 
0 6 0 10 -0.00799796 -0.209354 
0 8 0 11 -0.0869854 -0.20496 
0 8 5 12 -0.109498 0.0176607 
0 6 5 13 -0.030098 0.0229682 
0 2 2.5 14 0.162106 -0.0933611 
0 4 2.5 15 0.0674561 -0.0938072 
0 4 5 16 0.0565985 0.0287635 
0 2 5 17 0.151646 0.035117 
0.5 0.5 -0.5 18 0.244745 -0.258397 
0.5 0.5 6 19 0.21795 0.0936677 
10.5 0.5 -0.5 20 -0.00346775 -0.608716 
10.5 0.5 6 21 -0.0693532 0.0652198 
10.5 10.5 -0.5 22 -0.624108 -0.444738 
10.5 10.5 6 23 -0.689756 0.00868009 
0.5 10.5 -0.5 24 -0.187941 -0.227324 
0.5 10.5 6 25 -0.218548 0.0534249 
0.5 5.5 9.5 26 -0.041624 0.245734 
10.5 5.5 9.5 27 -0.481368 0.342623 
0.5 6.5 -0.5 28 -0.0374611 -0.238131 
0.5 8.5 -0.5 29 -0.115839 -0.232502 
0.5 8.5 4.5 30 -0.139025 -0.00857974 
0.5 6.5 4.5 31 -0.0602721 -0.00439038 
0.5 2.5 2 32 0.131058 -0.124139 
0.5 4.5 2 33 0.0370177 -0.123176 
0.5 4.5 4.5 34 0.0257807 0.000187315 
0.5 2.5 4.5 35 0.120198 0.00520996 
