0 0 0 0 -0.282101 -0.0821055 
0 0 6.5 1 -0.313828 0.191975 
10 0 0 2 0.113458 -0.0358505 
10 0 6.5 3 0.096036 0.217245 
10 10 0 4 0.313207 -0.115574 
10 10 6.5 5 0.294537 0.291291 
0 10 0 6 -0.322468 -0.204807 
0 10 6.5 7 -0.379201 0.259182 
0 5 10 8 -0.361214 0.414154 
10 5 10 9 0.161053 0.423176 
0 6 0 10 -0.301142 -0.139983 
0 8 0 11 -0.310529 -0.168515 
0 8 5 12 -0.347829 0.141486 
0 6 5 13 -0.334016 0.136721 
0 2 2.5 14 -0.300432 0.0143797 
0 4 2.5 15 -0.308046 0.00615251 
0 4 5 16 -0.32295 0.132903 
0 2 5 17 -0.313886 0.129777 
0.5 0.5 -0.5 18 -0.259148 -0.103966 
0.5 0.5 6 19 -0.290573 0.173283 
10.5 0.5 -0.5 20 0.139561 -0.0553736 
10.5 0.5 6 21 0.122696 0.200425 
10.5 10.5 -0.5 22 0.359182 -0.148548 
10.5 10.5 6 23 0.342372 0.26535 
0.5 10.5 -0.5 24 -0.284483 -0.244733 
0.5 10.5 6 25 -0.340454 0.228397 
0.5 5.5 9.5 26 -0.331905 0.39398 
10.5 5.5 9.5 27 0.195892 0.405262 
0.5 6.5 -0.5 28 -0.271039 -0.170037 
0.5 8.5 -0.5 29 -0.27694 -0.202822 
0.5 8.5 4.5 30 -0.313767 0.112457 
0.5 6.5 4.5 31 -0.303526 0.110868 
0.5 2.5 2 32 -0.275368 -0.00829381 
0.5 4.5 2 33 -0.280612 -0.018917 
0.5 4.5 4.5 34 -0.295357 0.1096 
0.5 2.5 4.5 35 -0.288687 0.108566 
