0 0 0 0 -0.235764 -0.017596 
0 0 6.5 1 -0.261364 0.250615 
10 0 0 2 0.157707 0.010455 
10 0 6.5 3 0.150209 0.269819 
10 10 0 4 0.319127 -0.0829273 
10 10 6.5 5 0.318356 0.340563 
0 10 0 6 -0.321053 -0.135034 
0 10 6.5 7 -0.371213 0.312565 
0 5 10 8 -0.322027 0.470493 
10 5 10 9 0.209942 0.484567 
0 6 0 10 -0.276348 -0.073478 
0 8 0 11 -0.296121 -0.100704 
0 8 5 12 -0.328156 0.198305 
0 6 5 13 -0.304015 0.194425 
0 2 2.5 14 -0.257595 0.0758107 
0 4 2.5 15 -0.27219 0.0675242 
0 4 5 16 -0.284587 0.191302 
0 2 5 17 -0.268616 0.188735 
0.5 0.5 -0.5 18 -0.215762 -0.0397553 
0.5 0.5 6 19 -0.240838 0.231577 
10.5 0.5 -0.5 20 0.182573 -0.0104969 
10.5 0.5 6 21 0.176064 0.251791 
10.5 10.5 -0.5 22 0.363364 -0.119213 
10.5 10.5 6 23 0.36585 0.312123 
0.5 10.5 -0.5 24 -0.289783 -0.174895 
0.5 10.5 6 25 -0.338801 0.281442 
0.5 5.5 9.5 26 -0.296445 0.450063 
10.5 5.5 9.5 27 0.244462 0.465411 
0.5 6.5 -0.5 28 -0.250806 -0.103735 
0.5 8.5 -0.5 29 -0.267997 -0.13512 
0.5 8.5 4.5 30 -0.299291 0.168922 
0.5 6.5 4.5 31 -0.277846 0.168206 
0.5 2.5 2 32 -0.235801 0.0527969 
0.5 4.5 2 33 -0.248536 0.0421209 
0.5 4.5 4.5 34 -0.260664 0.167633 
0.5 2.5 4.5 35 -0.246589 0.167163 
