0 0 0 0 0.277491 -0.384037 
0 0 6.5 1 0.242267 -0.0638655 
10 0 0 2 0.697016 -0.628413 
10 0 6.5 3 0.60474 -0.0123403 
10 10 0 4 -0.290326 -0.829046 
10 10 6.5 5 -0.326739 -0.0827491 
0 10 0 6 -0.22731 -0.45523 
0 10 6.5 7 -0.247441 -0.103095 
0 5 10 8 -0.00633981 0.088511 
10 5 10 9 0.145064 0.28238 
0 6 0 10 -0.0142772 -0.425185 
0 8 0 11 -0.118803 -0.439927 
0 8 5 12 -0.137135 -0.172153 
0 6 5 13 -0.0351208 -0.16259 
0 2 2.5 14 0.170851 -0.269182 
0 4 2.5 15 0.0747429 -0.280428 
0 4 5 16 0.0633164 -0.153363 
0 2 5 17 0.158361 -0.144454 
0.5 0.5 -0.5 18 0.267786 -0.420204 
0.5 0.5 6 19 0.231802 -0.0888514 
10.5 0.5 -0.5 20 0.704566 -0.716237 
10.5 0.5 6 21 0.606263 -0.0574537 
10.5 10.5 -0.5 22 -0.358267 -0.951694 
10.5 10.5 6 23 -0.391904 -0.141982 
0.5 10.5 -0.5 24 -0.255801 -0.497477 
0.5 10.5 6 25 -0.275547 -0.131786 
0.5 5.5 9.5 26 -0.0249884 0.0677399 
10.5 5.5 9.5 27 0.117742 0.253537 
0.5 6.5 -0.5 28 -0.0344488 -0.464809 
0.5 8.5 -0.5 29 -0.142985 -0.480827 
0.5 8.5 4.5 30 -0.161243 -0.202874 
0.5 6.5 4.5 31 -0.055415 -0.192429 
0.5 2.5 2 32 0.157661 -0.301796 
0.5 4.5 2 33 0.0581506 -0.314011 
0.5 4.5 4.5 34 0.046582 -0.182363 
0.5 2.5 4.5 35 0.144952 -0.172654 
