0 0 0 0 -0.71531 -0.601086 
0 0 6.5 1 -0.63501 -0.097953 
10 0 0 2 -0.213276 -0.439251 
10 0 6.5 3 -0.187656 -0.136419 
10 10 0 4 0.249509 -0.542014 
10 10 6.5 5 0.253973 -0.154812 
0 10 0 6 -0.0491183 -0.90299 
0 10 6.5 7 -0.005937 -0.114273 
0 5 10 8 -0.349585 0.181405 
10 5 10 9 0.0166993 0.0238923 
0 6 0 10 -0.389104 -0.748916 
0 8 0 11 -0.236325 -0.818152 
0 8 5 12 -0.189829 -0.25972 
0 6 5 13 -0.334956 -0.243191 
0 2 2.5 14 -0.591686 -0.422887 
0 4 2.5 15 -0.485686 -0.451916 
0 4 5 16 -0.457352 -0.229251 
0 2 5 17 -0.561969 -0.217336 
0.5 0.5 -0.5 18 -0.659239 -0.63881 
0.5 0.5 6 19 -0.583908 -0.136996 
10.5 0.5 -0.5 20 -0.18235 -0.462776 
10.5 0.5 6 21 -0.15833 -0.160396 
10.5 10.5 -0.5 22 0.285669 -0.571245 
10.5 10.5 6 23 0.287948 -0.184821 
0.5 10.5 -0.5 24 0.0287072 -0.957413 
0.5 10.5 6 25 0.0624527 -0.172319 
0.5 5.5 9.5 26 -0.294 0.134189 
10.5 5.5 9.5 27 0.0473097 -0.00297129 
0.5 6.5 -0.5 28 -0.321506 -0.795222 
0.5 8.5 -0.5 29 -0.163906 -0.86821 
0.5 8.5 4.5 30 -0.123892 -0.312173 
0.5 6.5 4.5 31 -0.273014 -0.291411 
0.5 2.5 2 32 -0.534475 -0.463844 
0.5 4.5 2 33 -0.42496 -0.495867 
0.5 4.5 4.5 34 -0.399009 -0.273869 
0.5 2.5 4.5 35 -0.50687 -0.258852 
