0 0 0 0 -0.0553256 -0.0392006 
0 0 6.5 1 -0.0388701 0.212419 
10 0 0 2 0.34456 -0.0949292 
10 0 6.5 3 0.379703 0.192765 
10 10 0 4 0.325385 -0.236548 
10 10 6.5 5 0.384957 0.25222 
0 10 0 6 -0.290534 -0.122155 
0 10 6.5 7 -0.277582 0.270858 
0 5 10 8 -0.122079 0.41146 
10 5 10 9 0.407361 0.425372 
0 6 0 10 -0.171012 -0.0800017 
0 8 0 11 -0.224854 -0.0989908 
0 8 5 12 -0.213544 0.169696 
0 6 5 13 -0.158911 0.16429 
0 2 2.5 14 -0.0817888 0.0511786 
0 4 2.5 15 -0.119931 0.0460976 
0 4 5 16 -0.113595 0.159806 
0 2 5 17 -0.0753998 0.156026 
0.5 0.5 -0.5 18 -0.0465066 -0.0635298 
0.5 0.5 6 19 -0.0293597 0.192947 
10.5 0.5 -0.5 20 0.364814 -0.124319 
10.5 0.5 6 21 0.401724 0.169731 
10.5 10.5 -0.5 22 0.359291 -0.293097 
10.5 10.5 6 23 0.424125 0.214273 
0.5 10.5 -0.5 24 -0.284812 -0.163181 
0.5 10.5 6 25 -0.271058 0.241807 
0.5 5.5 9.5 26 -0.112474 0.392619 
10.5 5.5 9.5 27 0.437274 0.403139 
0.5 6.5 -0.5 28 -0.162992 -0.11224 
0.5 8.5 -0.5 29 -0.217682 -0.13511 
0.5 8.5 4.5 30 -0.205729 0.140812 
0.5 6.5 4.5 31 -0.150256 0.13802 
0.5 2.5 2 32 -0.0727782 0.0267386 
0.5 4.5 2 33 -0.11114 0.0194195 
0.5 4.5 4.5 34 -0.104495 0.135716 
0.5 2.5 4.5 35 -0.0660998 0.133783 
