0 0 0 0 -0.631358 -0.517071 
0 0 6.5 1 -0.580612 -0.0832618 
10 0 0 2 -0.142322 -0.41064 
10 0 6.5 3 -0.134297 -0.121965 
10 10 0 4 0.279568 -0.487844 
10 10 6.5 5 0.25976 -0.09494 
0 10 0 6 -0.179698 -0.734568 
0 10 6.5 7 -0.156009 -0.0125136 
0 5 10 8 -0.396114 0.193969 
10 5 10 9 0.0330886 0.0522678 
0 6 0 10 -0.418863 -0.619398 
0 8 0 11 -0.313749 -0.670015 
0 8 5 12 -0.285 -0.166585 
0 6 5 13 -0.384459 -0.170005 
0 2 2.5 14 -0.552857 -0.353671 
0 4 2.5 15 -0.484013 -0.36797 
0 4 5 16 -0.465965 -0.172808 
0 2 5 17 -0.533978 -0.175147 
0.5 0.5 -0.5 18 -0.585133 -0.551755 
0.5 0.5 6 19 -0.538008 -0.114655 
10.5 0.5 -0.5 20 -0.111386 -0.43344 
10.5 0.5 6 21 -0.105026 -0.143295 
10.5 10.5 -0.5 22 0.322417 -0.519145 
10.5 10.5 6 23 0.299479 -0.123536 
0.5 10.5 -0.5 24 -0.10058 -0.793661 
0.5 10.5 6 25 -0.086944 -0.0626604 
0.5 5.5 9.5 26 -0.346027 0.157648 
10.5 5.5 9.5 27 0.0657044 0.0287709 
0.5 6.5 -0.5 28 -0.357272 -0.665511 
0.5 8.5 -0.5 29 -0.244486 -0.721818 
0.5 8.5 4.5 30 -0.221919 -0.212829 
0.5 6.5 4.5 31 -0.327805 -0.211659 
0.5 2.5 2 32 -0.504175 -0.38989 
0.5 4.5 2 33 -0.430659 -0.40761 
0.5 4.5 4.5 34 -0.414552 -0.210701 
0.5 2.5 4.5 35 -0.486917 -0.209902 
