0 0 0 0 0.292459 -0.336352 
0 0 6.5 1 0.255293 0.00621947 
10 0 0 2 0.463888 -0.566861 
10 0 6.5 3 0.373912 0.140589 
10 10 0 4 -0.567061 -0.5857 
10 10 6.5 5 -0.564282 0.0436138 
0 10 0 6 -0.220493 -0.360248 
0 10 6.5 7 -0.23371 -0.0370568 
0 5 10 8 -0.00901748 0.151253 
10 5 10 9 -0.141061 0.403067 
0 6 0 10 -0.0231598 -0.351055 
0 8 0 11 -0.123069 -0.35571 
0 8 5 12 -0.136707 -0.101742 
0 6 5 13 -0.0403361 -0.0941154 
0 2 2.5 14 0.171886 -0.207519 
0 4 2.5 15 0.0687026 -0.214032 
0 4 5 16 0.0584387 -0.0862991 
0 2 5 17 0.159709 -0.0782853 
0.5 0.5 -0.5 18 0.271626 -0.371635 
0.5 0.5 6 19 0.234456 -0.0185209 
10.5 0.5 -0.5 20 0.428837 -0.657044 
10.5 0.5 6 21 0.337378 0.0968644 
10.5 10.5 -0.5 22 -0.650754 -0.665248 
10.5 10.5 6 23 -0.640819 0.000464452 
0.5 10.5 -0.5 24 -0.253098 -0.393893 
0.5 10.5 6 25 -0.265222 -0.0613457 
0.5 5.5 9.5 26 -0.0352269 0.131423 
10.5 5.5 9.5 27 -0.198398 0.376529 
0.5 6.5 -0.5 28 -0.0514462 -0.385339 
0.5 8.5 -0.5 29 -0.153574 -0.389671 
0.5 8.5 4.5 30 -0.166511 -0.128198 
0.5 6.5 4.5 31 -0.0680788 -0.120713 
0.5 2.5 2 32 0.148518 -0.238295 
0.5 4.5 2 33 0.0429478 -0.244577 
0.5 4.5 4.5 34 0.032872 -0.113037 
0.5 2.5 4.5 35 0.136439 -0.105162 
