0 0 0 0 -0.531402 -0.447661 
0 0 6.5 1 -0.51623 -0.0711492 
10 0 0 2 -0.069706 -0.356588 
10 0 6.5 3 -0.0793469 -0.0838048 
10 10 0 4 0.301289 -0.417084 
10 10 6.5 5 0.263967 -0.0269167 
0 10 0 6 -0.255024 -0.616035 
0 10 6.5 7 -0.257952 0.0282545 
0 5 10 8 -0.413967 0.19309 
10 5 10 9 0.0531641 0.0989693 
0 6 0 10 -0.403497 -0.525583 
0 8 0 11 -0.338845 -0.56497 
0 8 5 12 -0.334945 -0.121916 
0 6 5 13 -0.395932 -0.132476 
0 2 2.5 14 -0.491016 -0.304121 
0 4 2.5 15 -0.449856 -0.31245 
0 4 5 16 -0.445117 -0.140993 
0 2 5 17 -0.485624 -0.148007 
0.5 0.5 -0.5 18 -0.492499 -0.477261 
0.5 0.5 6 19 -0.479623 -0.096383 
10.5 0.5 -0.5 20 -0.0392425 -0.377471 
10.5 0.5 6 21 -0.0503102 -0.102391 
10.5 10.5 -0.5 22 0.348183 -0.447775 
10.5 10.5 6 23 0.307586 -0.0528929 
0.5 10.5 -0.5 24 -0.183443 -0.66997 
0.5 10.5 6 25 -0.193789 -0.0128418 
0.5 5.5 9.5 26 -0.369142 0.164905 
10.5 5.5 9.5 27 0.0870326 0.0788017 
0.5 6.5 -0.5 28 -0.349881 -0.566189 
0.5 8.5 -0.5 29 -0.277523 -0.611307 
0.5 8.5 4.5 30 -0.277966 -0.160439 
0.5 6.5 4.5 31 -0.345664 -0.166931 
0.5 2.5 2 32 -0.449299 -0.334527 
0.5 4.5 2 33 -0.403603 -0.34598 
0.5 4.5 4.5 34 -0.400155 -0.172157 
0.5 2.5 4.5 35 -0.44496 -0.176453 
