0 0 0 0 0.25568 -0.179598 
0 0 6.5 1 0.293371 0.193211 
10 0 0 2 -0.323298 -0.280176 
10 0 6.5 3 -0.323287 0.244242 
10 10 0 4 -0.429968 -0.0872762 
10 10 6.5 5 -0.435708 0.226229 
0 10 0 6 -0.0180124 -0.0561975 
0 10 6.5 7 -0.00484788 0.19603 
0 5 10 8 0.126534 0.370222 
10 5 10 9 -0.397243 0.467163 
0 6 0 10 0.0670346 -0.094543 
0 8 0 11 0.021567 -0.0740428 
0 8 5 12 0.0337051 0.131208 
0 6 5 13 0.081833 0.125776 
0 2 2.5 14 0.192883 -0.0200065 
0 4 2.5 15 0.128729 -0.00184305 
0 4 5 16 0.138014 0.119437 
0 2 5 17 0.204454 0.111939 
0.5 0.5 -0.5 18 0.212594 -0.200699 
0.5 0.5 6 19 0.24695 0.165096 
10.5 0.5 -0.5 20 -0.371602 -0.307455 
10.5 0.5 6 21 -0.375995 0.203146 
10.5 10.5 -0.5 22 -0.457885 -0.106071 
10.5 10.5 6 23 -0.465037 0.202484 
0.5 10.5 -0.5 24 -0.0446305 -0.0717296 
0.5 10.5 6 25 -0.0327348 0.177284 
0.5 5.5 9.5 26 0.0904599 0.344901 
10.5 5.5 9.5 27 -0.436317 0.432063 
0.5 6.5 -0.5 28 0.0355546 -0.111934 
0.5 8.5 -0.5 29 -0.00728492 -0.0904542 
0.5 8.5 4.5 30 0.00371871 0.112024 
0.5 6.5 4.5 31 0.0490029 0.105192 
0.5 2.5 2 32 0.153498 -0.0418309 
0.5 4.5 2 33 0.0933185 -0.0221227 
0.5 4.5 4.5 34 0.10177 0.0972304 
0.5 2.5 4.5 35 0.16404 0.087835 
