0 0 0 0 -0.471525 -0.352097 
0 0 6.5 1 -0.459048 0.282972 
10 0 0 2 -0.252919 -0.118852 
10 0 6.5 3 -0.237714 0.204407 
10 10 0 4 0.232087 -0.152804 
10 10 6.5 5 0.266804 0.164011 
0 10 0 6 0.465264 -0.410498 
0 10 6.5 7 0.55338 0.200008 
0 5 10 8 0.0865804 0.620551 
10 5 10 9 0.0309315 0.367487 
0 6 0 10 0.0971154 -0.387547 
0 8 0 11 0.282259 -0.399089 
0 8 5 12 0.337921 0.0654432 
0 6 5 13 0.141636 0.0805835 
0 2 2.5 14 -0.269361 -0.13355 
0 4 2.5 15 -0.074153 -0.147119 
0 4 5 16 -0.0570999 0.0959127 
0 2 5 17 -0.258332 0.111435 
0.5 0.5 -0.5 18 -0.406471 -0.37617 
0.5 0.5 6 19 -0.389547 0.221441 
10.5 0.5 -0.5 20 -0.224601 -0.137924 
10.5 0.5 6 21 -0.20869 0.175371 
10.5 10.5 -0.5 22 0.246918 -0.170681 
10.5 10.5 6 23 0.281249 0.136549 
0.5 10.5 -0.5 24 0.481265 -0.430964 
0.5 10.5 6 25 0.565821 0.144801 
0.5 5.5 9.5 26 0.12663 0.537856 
10.5 5.5 9.5 27 0.0526135 0.333335 
0.5 6.5 -0.5 28 0.132076 -0.409411 
0.5 8.5 -0.5 29 0.307633 -0.420247 
0.5 8.5 4.5 30 0.361786 0.0181062 
0.5 6.5 4.5 31 0.176243 0.0321508 
0.5 2.5 2 32 -0.213537 -0.169778 
0.5 4.5 2 33 -0.0289508 -0.182423 
0.5 4.5 4.5 34 -0.0114899 0.0463612 
0.5 2.5 4.5 35 -0.201453 0.0607405 
