0 0 0 0 0.25026 -0.40333 
0 0 6.5 1 0.221849 -0.0892507 
10 0 0 2 0.723098 -0.582353 
10 0 6.5 3 0.631664 -0.0149676 
10 10 0 4 -0.163316 -0.79675 
10 10 6.5 5 -0.181313 -0.0194983 
0 10 0 6 -0.246574 -0.472818 
0 10 6.5 7 -0.250718 -0.103598 
0 5 10 8 -0.00569716 0.0721896 
10 5 10 9 0.25143 0.284653 
0 6 0 10 -0.0285738 -0.442328 
0 8 0 11 -0.133934 -0.457064 
0 8 5 12 -0.142006 -0.179069 
0 6 5 13 -0.0408768 -0.173562 
0 2 2.5 14 0.153132 -0.28695 
0 4 2.5 15 0.0620172 -0.29571 
0 4 5 16 0.0541817 -0.168384 
0 2 5 17 0.143701 -0.163509 
0.5 0.5 -0.5 18 0.244092 -0.437792 
0.5 0.5 6 19 0.215049 -0.111423 
10.5 0.5 -0.5 20 0.742913 -0.659197 
10.5 0.5 6 21 0.64412 -0.0504436 
10.5 10.5 -0.5 22 -0.218212 -0.924584 
10.5 10.5 6 23 -0.230763 -0.0678473 
0.5 10.5 -0.5 24 -0.274536 -0.516374 
0.5 10.5 6 25 -0.277153 -0.13008 
0.5 5.5 9.5 26 -0.0207818 0.0546387 
10.5 5.5 9.5 27 0.240047 0.265726 
0.5 6.5 -0.5 28 -0.0461922 -0.481776 
0.5 8.5 -0.5 29 -0.156398 -0.498474 
0.5 8.5 4.5 30 -0.163756 -0.20793 
0.5 6.5 4.5 31 -0.0581748 -0.201291 
0.5 2.5 2 32 0.143445 -0.317598 
0.5 4.5 2 33 0.0486729 -0.327654 
0.5 4.5 4.5 34 0.0408407 -0.195066 
0.5 2.5 4.5 35 0.133885 -0.189216 
