0 0 0 0 -0.718714 -0.547234 
0 0 6.5 1 -0.635606 -0.0227719 
10 0 0 2 -0.236111 -0.382253 
10 0 6.5 3 -0.205057 -0.0793227 
10 10 0 4 0.236913 -0.478162 
10 10 6.5 5 0.253216 -0.107713 
0 10 0 6 0.0466899 -0.821999 
0 10 6.5 7 0.0960198 -0.0557154 
0 5 10 8 -0.296916 0.262274 
10 5 10 9 0.0152313 0.0763154 
0 6 0 10 -0.330176 -0.686712 
0 8 0 11 -0.157458 -0.748714 
0 8 5 12 -0.108563 -0.198569 
0 6 5 13 -0.274479 -0.180093 
0 2 2.5 14 -0.574081 -0.362965 
0 4 2.5 15 -0.447238 -0.392102 
0 4 5 16 -0.418001 -0.164111 
0 2 5 17 -0.543376 -0.150149 
0.5 0.5 -0.5 18 -0.658146 -0.584733 
0.5 0.5 6 19 -0.580053 -0.065874 
10.5 0.5 -0.5 20 -0.205631 -0.405441 
10.5 0.5 6 21 -0.175977 -0.104374 
10.5 10.5 -0.5 22 0.268623 -0.505274 
10.5 10.5 6 23 0.283342 -0.137628 
0.5 10.5 -0.5 24 0.116349 -0.869764 
0.5 10.5 6 25 0.158554 -0.115599 
0.5 5.5 9.5 26 -0.240197 0.208951 
10.5 5.5 9.5 27 0.0442436 0.0480082 
0.5 6.5 -0.5 28 -0.263579 -0.729942 
0.5 8.5 -0.5 29 -0.0891192 -0.794147 
0.5 8.5 4.5 30 -0.0455252 -0.252149 
0.5 6.5 4.5 31 -0.212831 -0.230211 
0.5 2.5 2 32 -0.513665 -0.404949 
0.5 4.5 2 33 -0.384968 -0.436428 
0.5 4.5 4.5 34 -0.357948 -0.211183 
0.5 2.5 4.5 35 -0.485014 -0.194522 
