0 0 0 0 -0.535056 -0.303869 
0 0 6.5 1 -0.506511 0.319732 
10 0 0 2 -0.25227 -0.117437 
10 0 6.5 3 -0.230073 0.201363 
10 10 0 4 0.2358 -0.16636 
10 10 6.5 5 0.27229 0.157837 
0 10 0 6 0.417311 -0.408106 
0 10 6.5 7 0.501861 0.236444 
0 5 10 8 0.0195191 0.650794 
10 5 10 9 0.0348747 0.360507 
0 6 0 10 0.0271756 -0.365406 
0 8 0 11 0.220662 -0.386583 
0 8 5 12 0.275793 0.0995248 
0 6 5 13 0.0735381 0.117535 
0 2 2.5 14 -0.336094 -0.0906238 
0 4 2.5 15 -0.144683 -0.10966 
0 4 5 16 -0.125353 0.135246 
0 2 5 17 -0.320964 0.152665 
0.5 0.5 -0.5 18 -0.467316 -0.334775 
0.5 0.5 6 19 -0.436621 0.256615 
10.5 0.5 -0.5 20 -0.223449 -0.138354 
10.5 0.5 6 21 -0.201035 0.171818 
10.5 10.5 -0.5 22 0.252942 -0.18647 
10.5 10.5 6 23 0.288963 0.128804 
0.5 10.5 -0.5 24 0.441566 -0.435166 
0.5 10.5 6 25 0.523123 0.174992 
0.5 5.5 9.5 26 0.065824 0.567441 
10.5 5.5 9.5 27 0.0577786 0.326089 
0.5 6.5 -0.5 28 0.0696624 -0.394087 
0.5 8.5 -0.5 29 0.25418 -0.414468 
0.5 8.5 4.5 30 0.307931 0.046174 
0.5 6.5 4.5 31 0.115458 0.0637157 
0.5 2.5 2 32 -0.276028 -0.132588 
0.5 4.5 2 33 -0.0933891 -0.151031 
0.5 4.5 4.5 34 -0.0739724 0.0809799 
0.5 2.5 4.5 35 -0.260431 0.0979733 
