0 0 0 0 -0.519038 -0.445867 
0 0 6.5 1 -0.508038 -0.0749602 
10 0 0 2 -0.0606711 -0.353416 
10 0 6.5 3 -0.0722605 -0.0821168 
10 10 0 4 0.304132 -0.415651 
10 10 6.5 5 0.26519 -0.0249881 
0 10 0 6 -0.261258 -0.617135 
0 10 6.5 7 -0.267898 0.0201965 
0 5 10 8 -0.414875 0.185931 
10 5 10 9 0.0563167 0.100773 
0 6 0 10 -0.399913 -0.525013 
0 8 0 11 -0.339586 -0.565094 
0 8 5 12 -0.338914 -0.127819 
0 6 5 13 -0.395698 -0.137372 
0 2 2.5 14 -0.482778 -0.305361 
0 4 2.5 15 -0.44452 -0.314289 
0 4 5 16 -0.441411 -0.145063 
0 2 5 17 -0.479003 -0.151387 
0.5 0.5 -0.5 18 -0.480892 -0.474958 
0.5 0.5 6 19 -0.472042 -0.0996521 
10.5 0.5 -0.5 20 -0.0302787 -0.374104 
10.5 0.5 6 21 -0.0432474 -0.100447 
10.5 10.5 -0.5 22 0.351423 -0.446315 
10.5 10.5 6 23 0.309252 -0.0507451 
0.5 10.5 -0.5 24 -0.190775 -0.670542 
0.5 10.5 6 25 -0.204429 -0.0201633 
0.5 5.5 9.5 26 -0.370628 0.158429 
10.5 5.5 9.5 27 0.0903366 0.0809087 
0.5 6.5 -0.5 28 -0.34724 -0.56506 
0.5 8.5 -0.5 29 -0.279283 -0.610874 
0.5 8.5 4.5 30 -0.282701 -0.165686 
0.5 6.5 4.5 31 -0.346172 -0.171203 
0.5 2.5 2 32 -0.441803 -0.335224 
0.5 4.5 2 33 -0.399054 -0.347252 
0.5 4.5 4.5 34 -0.397158 -0.175634 
0.5 2.5 4.5 35 -0.439015 -0.179271 
