0 0 0 0 0.288947 -0.270171 
0 0 6.5 1 0.253173 0.0776333 
10 0 0 2 0.216845 -0.573837 
10 0 6.5 3 0.145147 0.130375 
10 10 0 4 -0.58683 -0.496483 
10 10 6.5 5 -0.635114 0.0183893 
0 10 0 6 -0.181634 -0.272769 
0 10 6.5 7 -0.210507 0.0215755 
0 5 10 8 -0.0151016 0.218108 
10 5 10 9 -0.336265 0.383056 
0 6 0 10 -0.0119604 -0.271832 
0 8 0 11 -0.0994967 -0.272316 
0 8 5 12 -0.122622 -0.0385497 
0 6 5 13 -0.0360572 -0.0304038 
0 2 2.5 14 0.168424 -0.141411 
0 4 2.5 15 0.0689344 -0.146353 
0 4 5 16 0.0563755 -0.0217057 
0 2 5 17 0.155294 -0.0123972 
0.5 0.5 -0.5 18 0.261661 -0.305246 
0.5 0.5 6 19 0.225388 0.0484892 
10.5 0.5 -0.5 20 0.158113 -0.65662 
10.5 0.5 6 21 0.0843884 0.0723373 
10.5 10.5 -0.5 22 -0.649406 -0.554449 
10.5 10.5 6 23 -0.698557 -0.0264733 
0.5 10.5 -0.5 24 -0.211304 -0.302396 
0.5 10.5 6 25 -0.240494 -0.00381497 
0.5 5.5 9.5 26 -0.0445855 0.193617 
10.5 5.5 9.5 27 -0.400994 0.341687 
0.5 6.5 -0.5 28 -0.0410517 -0.303422 
0.5 8.5 -0.5 29 -0.128926 -0.302893 
0.5 8.5 4.5 30 -0.152317 -0.0656513 
0.5 6.5 4.5 31 -0.0654387 -0.0582847 
0.5 2.5 2 32 0.140204 -0.173111 
0.5 4.5 2 33 0.0401378 -0.177037 
0.5 4.5 4.5 34 0.0274204 -0.050411 
0.5 2.5 4.5 35 0.1269 -0.0419759 
