0 0 0 0 -0.217304 -0.0111701 
0 0 6.5 1 -0.239502 0.254369 
10 0 0 2 0.175256 0.00974468 
10 0 6.5 3 0.17212 0.2707 
10 10 0 4 0.321701 -0.0951897 
10 10 6.5 5 0.328042 0.331875 
0 10 0 6 -0.317245 -0.133014 
0 10 6.5 7 -0.363002 0.306455 
0 5 10 8 -0.30321 0.469209 
10 5 10 9 0.230196 0.484477 
0 6 0 10 -0.265044 -0.0693727 
0 8 0 11 -0.288182 -0.0975815 
0 8 5 12 -0.317011 0.196422 
0 6 5 13 -0.289667 0.194578 
0 2 2.5 14 -0.239789 0.0801375 
0 4 2.5 15 -0.256665 0.0707805 
0 4 5 16 -0.267604 0.193089 
0 2 5 17 -0.249426 0.191863 
0.5 0.5 -0.5 18 -0.19841 -0.0336364 
0.5 0.5 6 19 -0.220033 0.235024 
10.5 0.5 -0.5 20 0.199599 -0.0119538 
10.5 0.5 6 21 0.197586 0.252022 
10.5 10.5 -0.5 22 0.365044 -0.133203 
10.5 10.5 6 23 0.375068 0.301993 
0.5 10.5 -0.5 24 -0.288464 -0.173284 
0.5 10.5 6 25 -0.333046 0.274766 
0.5 5.5 9.5 26 -0.279107 0.44841 
10.5 5.5 9.5 27 0.264412 0.464562 
0.5 6.5 -0.5 28 -0.241208 -0.100004 
0.5 8.5 -0.5 29 -0.262095 -0.132393 
0.5 8.5 4.5 30 -0.290146 0.166564 
0.5 6.5 4.5 31 -0.265162 0.167939 
0.5 2.5 2 32 -0.219237 0.0567848 
0.5 4.5 2 33 -0.234447 0.0450082 
0.5 4.5 4.5 34 -0.245094 0.169044 
0.5 2.5 4.5 35 -0.228621 0.16995 
