0 0 0 0 0.293454 -0.355733 
0 0 6.5 1 0.325301 0.0630309 
10 0 0 2 -0.379826 -0.315025 
10 0 6.5 3 -0.326959 0.138757 
10 10 0 4 -0.277547 -0.205064 
10 10 6.5 5 -0.247778 0.0628426 
0 10 0 6 0.126786 -0.235263 
0 10 6.5 7 0.1489 0.0200431 
0 5 10 8 0.229713 0.202261 
10 5 10 9 -0.257405 0.266965 
0 6 0 10 0.174861 -0.270012 
0 8 0 11 0.148779 -0.251159 
0 8 5 12 0.167001 -0.0373208 
0 6 5 13 0.194388 -0.036309 
0 2 2.5 14 0.256347 -0.175877 
0 4 2.5 15 0.216877 -0.162909 
0 4 5 16 0.227301 -0.035093 
0 2 5 17 0.267603 -0.0336041 
0.5 0.5 -0.5 18 0.247517 -0.376453 
0.5 0.5 6 19 0.279691 0.0323908 
10.5 0.5 -0.5 20 -0.411062 -0.33866 
10.5 0.5 6 21 -0.358797 0.103501 
10.5 10.5 -0.5 22 -0.2978 -0.220925 
10.5 10.5 6 23 -0.268193 0.0428896 
0.5 10.5 -0.5 24 0.101183 -0.249877 
0.5 10.5 6 25 0.123342 0.00170863 
0.5 5.5 9.5 26 0.19695 0.176413 
10.5 5.5 9.5 27 -0.282446 0.238209 
0.5 6.5 -0.5 28 0.143695 -0.286649 
0.5 8.5 -0.5 29 0.120662 -0.266726 
0.5 8.5 4.5 30 0.138934 -0.0562763 
0.5 6.5 4.5 31 0.163294 -0.0569887 
0.5 2.5 2 32 0.216716 -0.198171 
0.5 4.5 2 33 0.181993 -0.183245 
0.5 4.5 4.5 34 0.192472 -0.057842 
0.5 2.5 4.5 35 0.228053 -0.0588825 
