0 0 0 0 0.160788 -0.407762 
0 0 6.5 1 0.15929 -0.113481 
10 0 0 2 0.649992 -0.543412 
10 0 6.5 3 0.607439 -0.0782814 
10 10 0 4 0.0806039 -0.734888 
10 10 6.5 5 0.0872185 0.00767193 
0 10 0 6 -0.285329 -0.462317 
0 10 6.5 7 -0.256441 -0.0771368 
0 5 10 8 -0.0169225 0.0658867 
10 5 10 9 0.389172 0.218559 
0 6 0 10 -0.076672 -0.436801 
0 8 0 11 -0.174761 -0.448796 
0 8 5 12 -0.159095 -0.16548 
0 6 5 13 -0.0665771 -0.169281 
0 2 2.5 14 0.0906199 -0.293439 
0 4 2.5 15 0.0137886 -0.296424 
0 4 5 16 0.0165089 -0.172693 
0 2 5 17 0.0915356 -0.175775 
0.5 0.5 -0.5 18 0.159306 -0.439102 
0.5 0.5 6 19 0.157838 -0.133015 
10.5 0.5 -0.5 20 0.676415 -0.602371 
10.5 0.5 6 21 0.629281 -0.107091 
10.5 10.5 -0.5 22 0.0685778 -0.853266 
10.5 10.5 6 23 0.0774172 -0.030797 
0.5 10.5 -0.5 24 -0.308866 -0.506743 
0.5 10.5 6 25 -0.276983 -0.101084 
0.5 5.5 9.5 26 -0.025135 0.0511964 
10.5 5.5 9.5 27 0.400894 0.203657 
0.5 6.5 -0.5 28 -0.0885415 -0.474911 
0.5 8.5 -0.5 29 -0.191817 -0.489832 
0.5 8.5 4.5 30 -0.174572 -0.192181 
0.5 6.5 4.5 31 -0.0774422 -0.194643 
0.5 2.5 2 32 0.0864805 -0.321407 
0.5 4.5 2 33 0.00640587 -0.326024 
0.5 4.5 4.5 34 0.00940596 -0.196845 
0.5 2.5 4.5 35 0.0875229 -0.198825 
