0 0 0 0 0.301955 -0.536263 
0 0 6.5 1 0.241583 0.075848 
10 0 0 2 -0.223243 -0.36066 
10 0 6.5 3 -0.260797 0.00750661 
10 10 0 4 0.122818 -0.22624 
10 10 6.5 5 0.0967414 0.0355319 
0 10 0 6 0.572873 -0.277938 
0 10 6.5 7 0.537565 0.0873393 
0 5 10 8 0.402961 0.330564 
10 5 10 9 -0.0683848 0.189169 
0 6 0 10 0.495772 -0.351455 
0 8 0 11 0.537705 -0.311472 
0 8 5 12 0.508103 -0.00602582 
0 6 5 13 0.463223 -0.0166572 
0 2 2.5 14 0.361657 -0.253048 
0 4 2.5 15 0.426865 -0.21498 
0 4 5 16 0.408769 -0.0295567 
0 2 5 17 0.341311 -0.0455368 
0.5 0.5 -0.5 18 0.286669 -0.54625 
0.5 0.5 6 19 0.230055 0.0271342 
10.5 0.5 -0.5 20 -0.212267 -0.373649 
10.5 0.5 6 21 -0.248332 -0.0198544 
10.5 10.5 -0.5 22 0.12104 -0.239334 
10.5 10.5 6 23 0.0956903 0.0150889 
0.5 10.5 -0.5 24 0.55307 -0.294011 
0.5 10.5 6 25 0.51908 0.0571142 
0.5 5.5 9.5 26 0.386447 0.281306 
10.5 5.5 9.5 27 -0.0642248 0.160342 
0.5 6.5 -0.5 28 0.475852 -0.367124 
0.5 8.5 -0.5 29 0.517707 -0.327494 
0.5 8.5 4.5 30 0.489305 -0.0348697 
0.5 6.5 4.5 31 0.444749 -0.0476681 
0.5 2.5 2 32 0.344731 -0.277772 
0.5 4.5 2 33 0.408371 -0.239117 
0.5 4.5 4.5 34 0.391166 -0.0630593 
0.5 2.5 4.5 35 0.325503 -0.0819202 
