0 0 0 0 0.399387 -0.49388 
0 0 6.5 1 0.335815 0.0579877 
10 0 0 2 -0.266603 -0.433918 
10 0 6.5 3 -0.272717 -0.031034 
10 10 0 4 0.0144033 -0.326439 
10 10 6.5 5 -0.000954608 -0.0651602 
0 10 0 6 0.453782 -0.336675 
0 10 6.5 7 0.413767 -0.0200109 
0 5 10 8 0.360846 0.205708 
10 5 10 9 -0.115503 0.106648 
0 6 0 10 0.43887 -0.379774 
0 8 0 11 0.447034 -0.356179 
0 8 5 12 0.41335 -0.0865951 
0 6 5 13 0.402186 -0.0821312 
0 2 2.5 14 0.393105 -0.252293 
0 4 2.5 15 0.408143 -0.238473 
0 4 5 16 0.388538 -0.0766744 
0 2 5 17 0.371475 -0.0698518 
0.5 0.5 -0.5 18 0.364988 -0.520767 
0.5 0.5 6 19 0.306972 0.00867764 
10.5 0.5 -0.5 20 -0.268218 -0.455644 
10.5 0.5 6 21 -0.274034 -0.0648379 
10.5 10.5 -0.5 22 0.00687857 -0.343104 
10.5 10.5 6 23 -0.00784308 -0.0869462 
0.5 10.5 -0.5 24 0.432355 -0.356631 
0.5 10.5 6 25 0.394423 -0.0474543 
0.5 5.5 9.5 26 0.339104 0.16515 
10.5 5.5 9.5 27 -0.120599 0.0767099 
0.5 6.5 -0.5 28 0.413601 -0.402325 
0.5 8.5 -0.5 29 0.423841 -0.377375 
0.5 8.5 4.5 30 0.392076 -0.114841 
0.5 6.5 4.5 31 0.37921 -0.113257 
0.5 2.5 2 32 0.36418 -0.285008 
0.5 4.5 2 33 0.381849 -0.268095 
0.5 4.5 4.5 34 0.363584 -0.111334 
0.5 2.5 4.5 35 0.344203 -0.108948 
