0 0 0 0 0.12667 -0.419806 
0 0 6.5 1 0.134307 -0.131319 
10 0 0 2 0.608515 -0.568975 
10 0 6.5 3 0.586257 -0.129811 
10 10 0 4 0.138219 -0.793178 
10 10 6.5 5 0.155148 -0.0629673 
0 10 0 6 -0.298461 -0.484986 
0 10 6.5 7 -0.261492 -0.0942941 
0 5 10 8 -0.0257128 0.0488528 
10 5 10 9 0.414986 0.15382 
0 6 0 10 -0.0960754 -0.453957 
0 8 0 11 -0.190421 -0.468422 
0 8 5 12 -0.168388 -0.183912 
0 6 5 13 -0.0794484 -0.187326 
0 2 2.5 14 0.0652582 -0.309154 
0 4 2.5 15 -0.00670015 -0.313179 
0 4 5 16 -0.000679357 -0.190348 
0 2 5 17 0.0695692 -0.193044 
0.5 0.5 -0.5 18 0.126266 -0.451465 
0.5 0.5 6 19 0.13418 -0.151703 
10.5 0.5 -0.5 20 0.634411 -0.626303 
10.5 0.5 6 21 0.609119 -0.160534 
10.5 10.5 -0.5 22 0.138232 -0.914926 
10.5 10.5 6 23 0.15659 -0.108218 
0.5 10.5 -0.5 24 -0.319846 -0.531889 
0.5 10.5 6 25 -0.279778 -0.120232 
0.5 5.5 9.5 26 -0.0318913 0.0328733 
10.5 5.5 9.5 27 0.431776 0.134498 
0.5 6.5 -0.5 28 -0.10603 -0.493343 
0.5 8.5 -0.5 29 -0.205374 -0.511252 
0.5 8.5 4.5 30 -0.18167 -0.21236 
0.5 6.5 4.5 31 -0.088281 -0.214116 
0.5 2.5 2 32 0.0625793 -0.337908 
0.5 4.5 2 33 -0.0123491 -0.343834 
0.5 4.5 4.5 34 -0.00597913 -0.215664 
0.5 2.5 4.5 35 0.0670992 -0.217039 
