0 0 0 0 -0.0342265 -0.236207 
0 0 6.5 1 -0.0678027 0.465547 
10 0 0 2 -0.247991 -0.0452563 
10 0 6.5 3 -0.279029 0.314601 
10 10 0 4 0.189489 0.0123543 
10 10 6.5 5 0.188285 0.306194 
0 10 0 6 0.61619 -0.0853854 
0 10 6.5 7 0.653508 0.402298 
0 5 10 8 0.37233 0.793422 
10 5 10 9 -0.0283288 0.500871 
0 6 0 10 0.408724 -0.133493 
0 8 0 11 0.519018 -0.107918 
0 8 5 12 0.541827 0.282691 
0 6 5 13 0.424417 0.283553 
0 2 2.5 14 0.133133 0.0338127 
0 4 2.5 15 0.285375 0.0516837 
0 4 5 16 0.288543 0.284552 
0 2 5 17 0.12948 0.28572 
0.5 0.5 -0.5 18 -0.00795034 -0.253523 
0.5 0.5 6 19 -0.0355701 0.390661 
10.5 0.5 -0.5 20 -0.225523 -0.0619745 
10.5 0.5 6 21 -0.253844 0.282173 
10.5 10.5 -0.5 22 0.194238 -0.00322378 
10.5 10.5 6 23 0.193324 0.28007 
0.5 10.5 -0.5 24 0.602324 -0.105398 
0.5 10.5 6 25 0.636391 0.353868 
0.5 5.5 9.5 26 0.370156 0.706092 
10.5 5.5 9.5 27 -0.0144353 0.463807 
0.5 6.5 -0.5 28 0.404858 -0.153327 
0.5 8.5 -0.5 29 0.509503 -0.127927 
0.5 8.5 4.5 30 0.530344 0.238998 
0.5 6.5 4.5 31 0.419305 0.236817 
0.5 2.5 2 32 0.147174 -0.0011842 
0.5 4.5 2 33 0.288846 0.0180351 
0.5 4.5 4.5 34 0.291946 0.234316 
0.5 2.5 4.5 35 0.144386 0.231418 
