0 0 0 0 0.258152 -0.0604336 
0 0 6.5 1 0.282407 0.318829 
10 0 0 2 -0.270653 -0.190967 
10 0 6.5 3 -0.297137 0.396652 
10 10 0 4 -0.488678 -0.0326734 
10 10 6.5 5 -0.519487 0.318112 
0 10 0 6 -0.0651191 0.0205563 
0 10 6.5 7 -0.0656291 0.284786 
0 5 10 8 0.0805096 0.483133 
10 5 10 9 -0.45758 0.617882 
0 6 0 10 0.0378612 -0.00524357 
0 8 0 11 -0.0169015 0.00847624 
0 8 5 12 -0.0152439 0.222065 
0 6 5 13 0.0421554 0.222877 
0 2 2.5 14 0.179159 0.0894317 
0 4 2.5 15 0.104369 0.0984692 
0 4 5 16 0.108327 0.223813 
0 2 5 17 0.185449 0.224904 
0.5 0.5 -0.5 18 0.216452 -0.0857704 
0.5 0.5 6 19 0.237268 0.287681 
10.5 0.5 -0.5 20 -0.32639 -0.227581 
10.5 0.5 6 21 -0.359196 0.346113 
10.5 10.5 -0.5 22 -0.520724 -0.0563713 
10.5 10.5 6 23 -0.553502 0.289448 
0.5 10.5 -0.5 24 -0.0922871 0.0021993 
0.5 10.5 6 25 -0.0942233 0.263608 
0.5 5.5 9.5 26 0.0441862 0.455455 
10.5 5.5 9.5 27 -0.503527 0.576072 
0.5 6.5 -0.5 28 0.00625416 -0.0258783 
0.5 8.5 -0.5 29 -0.0461257 -0.0109536 
0.5 8.5 4.5 30 -0.0457262 0.200228 
0.5 6.5 4.5 31 0.00907203 0.199496 
0.5 2.5 2 32 0.140419 0.0641183 
0.5 4.5 2 33 0.0691153 0.0749527 
0.5 4.5 4.5 34 0.0721739 0.198652 
0.5 2.5 4.5 35 0.145622 0.197671 
