0 0 0 0 -0.618737 -0.502934 
0 0 6.5 1 -0.57248 -0.0776545 
10 0 0 2 -0.133172 -0.401737 
10 0 6.5 3 -0.127463 -0.115386 
10 10 0 4 0.282457 -0.474605 
10 10 6.5 5 0.260076 -0.0825256 
0 10 0 6 -0.191373 -0.707663 
0 10 6.5 7 -0.170667 0.00238052 
0 5 10 8 -0.399146 0.19905 
10 5 10 9 0.0353345 0.0604598 
0 6 0 10 -0.418201 -0.599001 
0 8 0 11 -0.318656 -0.646688 
0 8 5 12 -0.292818 -0.15228 
0 6 5 13 -0.387028 -0.157975 
0 2 2.5 14 -0.54543 -0.341648 
0 4 2.5 15 -0.480483 -0.354187 
0 4 5 16 -0.464064 -0.162631 
0 2 5 17 -0.528229 -0.166509 
0.5 0.5 -0.5 18 -0.573574 -0.536958 
0.5 0.5 6 19 -0.530756 -0.108138 
10.5 0.5 -0.5 20 -0.102286 -0.424308 
10.5 0.5 6 21 -0.0982269 -0.13634 
10.5 10.5 -0.5 22 0.325905 -0.505879 
10.5 10.5 6 23 0.300328 -0.110781 
0.5 10.5 -0.5 24 -0.113001 -0.766259 
0.5 10.5 6 25 -0.102111 -0.0464655 
0.5 5.5 9.5 26 -0.349784 0.163962 
10.5 5.5 9.5 27 0.0681162 0.037425 
0.5 6.5 -0.5 28 -0.357633 -0.644467 
0.5 8.5 -0.5 29 -0.250325 -0.697891 
0.5 8.5 4.5 30 -0.230473 -0.197436 
0.5 6.5 4.5 31 -0.331211 -0.198604 
0.5 2.5 2 32 -0.497735 -0.37707 
0.5 4.5 2 33 -0.428098 -0.393 
0.5 4.5 4.5 34 -0.413538 -0.19956 
0.5 2.5 4.5 35 -0.48208 -0.200355 
