0 0 0 0 0.257934 -0.0830033 
0 0 6.5 1 0.285633 0.294637 
10 0 0 2 -0.283202 -0.208611 
10 0 6.5 3 -0.304142 0.364044 
10 10 0 4 -0.475602 -0.0412887 
10 10 6.5 5 -0.500835 0.300746 
0 10 0 6 -0.05468 0.00745435 
0 10 6.5 7 -0.0520134 0.268926 
0 5 10 8 0.091198 0.462014 
10 5 10 9 -0.444626 0.586732 
0 6 0 10 0.0443736 -0.0212077 
0 8 0 11 -0.00836243 -0.00594805 
0 8 5 12 -0.00425454 0.205669 
0 6 5 13 0.0511525 0.205044 
0 2 2.5 14 0.182514 0.0688276 
0 4 2.5 15 0.109964 0.0799131 
0 4 5 16 0.115209 0.204323 
0 2 5 17 0.190113 0.203479 
0.5 0.5 -0.5 18 0.215863 -0.107432 
0.5 0.5 6 19 0.240083 0.264071 
10.5 0.5 -0.5 20 -0.337315 -0.243007 
10.5 0.5 6 21 -0.364177 0.315567 
10.5 10.5 -0.5 22 -0.506665 -0.0638116 
10.5 10.5 6 23 -0.53374 0.273198 
0.5 10.5 -0.5 24 -0.0817335 -0.0102653 
0.5 10.5 6 25 -0.0804759 0.248265 
0.5 5.5 9.5 26 0.0548468 0.434775 
10.5 5.5 9.5 27 -0.489005 0.546334 
0.5 6.5 -0.5 28 0.0127698 -0.0411212 
0.5 8.5 -0.5 29 -0.0375195 -0.0247014 
0.5 8.5 4.5 30 -0.034659 0.1844 
0.5 6.5 4.5 31 0.0180792 0.182255 
0.5 2.5 2 32 0.143565 0.044256 
0.5 4.5 2 33 0.0746262 0.0570943 
0.5 4.5 4.5 34 0.0789727 0.179778 
0.5 2.5 4.5 35 0.150072 0.176886 
