0 0 0 0 -0.0676508 -0.244626 
0 0 6.5 1 -0.0993734 0.457259 
10 0 0 2 -0.248174 -0.0422752 
10 0 6.5 3 -0.276313 0.315794 
10 10 0 4 0.19558 0.0100352 
10 10 6.5 5 0.197889 0.306359 
0 10 0 6 0.615001 -0.100921 
0 10 6.5 7 0.660135 0.397129 
0 5 10 8 0.363189 0.795205 
10 5 10 9 -0.0216318 0.50269 
0 6 0 10 0.394173 -0.147407 
0 8 0 11 0.511205 -0.122771 
0 8 5 12 0.539191 0.274361 
0 6 5 13 0.414258 0.275104 
0 2 2.5 14 0.106634 0.0234715 
0 4 2.5 15 0.265779 0.0405322 
0 4 5 16 0.270771 0.275958 
0 2 5 17 0.104267 0.276949 
0.5 0.5 -0.5 18 -0.0374364 -0.261289 
0.5 0.5 6 19 -0.0626978 0.383125 
10.5 0.5 -0.5 20 -0.225016 -0.0589213 
10.5 0.5 6 21 -0.250473 0.283634 
10.5 10.5 -0.5 22 0.200947 -0.00549859 
10.5 10.5 6 23 0.203476 0.280133 
0.5 10.5 -0.5 24 0.602328 -0.120434 
0.5 10.5 6 25 0.643775 0.34808 
0.5 5.5 9.5 26 0.363402 0.706579 
10.5 5.5 9.5 27 -0.00705181 0.465605 
0.5 6.5 -0.5 28 0.39258 -0.166614 
0.5 8.5 -0.5 29 0.503402 -0.142215 
0.5 8.5 4.5 30 0.529191 0.230514 
0.5 6.5 4.5 31 0.411302 0.228367 
0.5 2.5 2 32 0.124207 -0.0108729 
0.5 4.5 2 33 0.272127 0.00739582 
0.5 4.5 4.5 34 0.277059 0.225923 
0.5 2.5 4.5 35 0.122804 0.223114 
