0 0 0 0 -0.112565 -0.268217 
0 0 6.5 1 -0.141632 0.428062 
10 0 0 2 -0.247911 -0.0470509 
10 0 6.5 3 -0.27171 0.307273 
10 10 0 4 0.203035 -0.00166524 
10 10 6.5 5 0.21006 0.296994 
0 10 0 6 0.609958 -0.13415 
0 10 6.5 7 0.664795 0.375195 
0 5 10 8 0.346775 0.777651 
10 5 10 9 -0.0126296 0.494287 
0 6 0 10 0.371546 -0.178388 
0 8 0 11 0.497325 -0.15505 
0 8 5 12 0.531604 0.248638 
0 6 5 13 0.396874 0.248877 
0 2 2.5 14 0.0693976 -0.00409596 
0 4 2.5 15 0.236713 0.0120299 
0 4 5 16 0.243867 0.249148 
0 2 5 17 0.0685925 0.249459 
0.5 0.5 -0.5 18 -0.0773091 -0.283471 
0.5 0.5 6 19 -0.0993368 0.356534 
10.5 0.5 -0.5 20 -0.223944 -0.0634201 
10.5 0.5 6 21 -0.245161 0.27581 
10.5 10.5 -0.5 22 0.209259 -0.0169917 
10.5 10.5 6 23 0.216411 0.270883 
0.5 10.5 -0.5 24 0.599215 -0.152538 
0.5 10.5 6 25 0.649885 0.326136 
0.5 5.5 9.5 26 0.350609 0.68902 
10.5 5.5 9.5 27 0.00281228 0.457572 
0.5 6.5 -0.5 28 0.373269 -0.196267 
0.5 8.5 -0.5 29 0.492133 -0.173263 
0.5 8.5 4.5 30 0.524 0.205378 
0.5 6.5 4.5 31 0.39717 0.203025 
0.5 2.5 2 32 0.0917308 -0.0368049 
0.5 4.5 2 33 0.247127 -0.0197124 
0.5 4.5 4.5 34 0.254268 0.200373 
0.5 2.5 4.5 35 0.0920346 0.197363 
