0 0 0 0 -0.487944 -0.443515 
0 0 6.5 1 -0.486853 -0.0860306 
10 0 0 2 -0.038135 -0.346908 
10 0 6.5 3 -0.0541728 -0.0791273 
10 10 0 4 0.311296 -0.416792 
10 10 6.5 5 0.269037 -0.0246589 
0 10 0 6 -0.273448 -0.627236 
0 10 6.5 7 -0.289523 -0.00711106 
0 5 10 8 -0.415235 0.164909 
10 5 10 9 0.0650506 0.103032 
0 6 0 10 -0.389093 -0.528184 
0 8 0 11 -0.338854 -0.571214 
0 8 5 12 -0.346148 -0.148167 
0 6 5 13 -0.393016 -0.153883 
0 2 2.5 14 -0.461296 -0.311069 
0 4 2.5 15 -0.429761 -0.322326 
0 4 5 16 -0.430592 -0.158465 
0 2 5 17 -0.461391 -0.162222 
0.5 0.5 -0.5 18 -0.451606 -0.471482 
0.5 0.5 6 19 -0.452315 -0.109582 
10.5 0.5 -0.5 20 -0.00795334 -0.367188 
10.5 0.5 6 21 -0.0252329 -0.0969267 
10.5 10.5 -0.5 22 0.359433 -0.447511 
10.5 10.5 6 23 0.314138 -0.0500385 
0.5 10.5 -0.5 24 -0.205877 -0.679533 
0.5 10.5 6 25 -0.227911 -0.0460522 
0.5 5.5 9.5 26 -0.372411 0.138797 
10.5 5.5 9.5 27 0.0994257 0.0837836 
0.5 6.5 -0.5 28 -0.338772 -0.567015 
0.5 8.5 -0.5 29 -0.281159 -0.615795 
0.5 8.5 4.5 30 -0.291902 -0.184722 
0.5 6.5 4.5 31 -0.345341 -0.186436 
0.5 2.5 2 32 -0.42211 -0.33977 
0.5 4.5 2 33 -0.386226 -0.354087 
0.5 4.5 4.5 34 -0.388078 -0.187806 
0.5 2.5 4.5 35 -0.423034 -0.188926 
