0 0 0 0 0.138876 -0.34723 
0 0 6.5 1 0.0951423 0.305374 
10 0 0 2 -0.236663 -0.165547 
10 0 6.5 3 -0.276507 0.192697 
10 10 0 4 0.157357 -0.0710738 
10 10 6.5 5 0.140206 0.203041 
0 10 0 6 0.601171 -0.13944 
0 10 6.5 7 0.597294 0.279056 
0 5 10 8 0.394622 0.591075 
10 5 10 9 -0.0540505 0.375682 
0 6 0 10 0.462428 -0.201801 
0 8 0 11 0.537129 -0.168225 
0 8 5 12 0.531277 0.174238 
0 6 5 13 0.452682 0.168936 
0 2 2.5 14 0.257342 -0.0729711 
0 4 2.5 15 0.366816 -0.0443169 
0 4 5 16 0.359107 0.162624 
0 2 5 17 0.245818 0.154982 
0.5 0.5 -0.5 18 0.1438 -0.36022 
0.5 0.5 6 19 0.103653 0.243416 
10.5 0.5 -0.5 20 -0.219107 -0.180126 
10.5 0.5 6 21 -0.256589 0.162869 
10.5 10.5 -0.5 22 0.158976 -0.0851776 
10.5 10.5 6 23 0.142413 0.179927 
0.5 10.5 -0.5 24 0.583572 -0.157374 
0.5 10.5 6 25 0.579027 0.240472 
0.5 5.5 9.5 26 0.383701 0.52402 
10.5 5.5 9.5 27 -0.0444853 0.342722 
0.5 6.5 -0.5 28 0.449295 -0.21931 
0.5 8.5 -0.5 29 0.521342 -0.186078 
0.5 8.5 4.5 30 0.51516 0.138451 
0.5 6.5 4.5 31 0.439517 0.130494 
0.5 2.5 2 32 0.254389 -0.102465 
0.5 4.5 2 33 0.357776 -0.0728878 
0.5 4.5 4.5 34 0.350313 0.12111 
0.5 2.5 4.5 35 0.243541 0.109878 
