0 0 0 0 0.25835 -0.0908262 
0 0 6.5 1 0.251128 0.273168 
10 0 0 2 -0.115352 -0.313408 
10 0 6.5 3 -0.169052 0.32851 
10 10 0 4 -0.559654 -0.171397 
10 10 6.5 5 -0.622137 0.231902 
0 10 0 6 -0.134038 -0.0492946 
0 10 6.5 7 -0.156694 0.223324 
0 5 10 8 0.00712578 0.425859 
10 5 10 9 -0.48839 0.570732 
0 6 0 10 -0.00269213 -0.0631967 
0 8 0 11 -0.0717525 -0.0558871 
0 8 5 12 -0.0877255 0.162563 
0 6 5 13 -0.0169885 0.167305 
0 2 2.5 14 0.156191 0.0463839 
0 4 2.5 15 0.0683773 0.0482676 
0 4 5 16 0.0622074 0.172614 
0 2 5 17 0.151476 0.178598 
0.5 0.5 -0.5 18 0.222163 -0.120899 
0.5 0.5 6 19 0.21279 0.241644 
10.5 0.5 -0.5 20 -0.179234 -0.366365 
10.5 0.5 6 21 -0.239956 0.270877 
10.5 10.5 -0.5 22 -0.600792 -0.205011 
10.5 10.5 6 23 -0.666077 0.196464 
0.5 10.5 -0.5 24 -0.161598 -0.0719603 
0.5 10.5 6 25 -0.185484 0.199844 
0.5 5.5 9.5 26 -0.0266886 0.398337 
10.5 5.5 9.5 27 -0.545221 0.525204 
0.5 6.5 -0.5 28 -0.0331581 -0.0883396 
0.5 8.5 -0.5 29 -0.100693 -0.0797272 
0.5 8.5 4.5 30 -0.117701 0.138034 
0.5 6.5 4.5 31 -0.0486032 0.141395 
0.5 2.5 2 32 0.121429 0.0176783 
0.5 4.5 2 33 0.0355874 0.0212477 
0.5 4.5 4.5 34 0.0287636 0.145158 
0.5 2.5 4.5 35 0.115979 0.1494 
