0 0 0 0 -0.44112 -0.371826 
0 0 6.5 1 -0.434908 0.265564 
10 0 0 2 -0.252635 -0.12059 
10 0 6.5 3 -0.240784 0.204267 
10 10 0 4 0.230224 -0.14683 
10 10 6.5 5 0.263551 0.166764 
0 10 0 6 0.483316 -0.407378 
0 10 6.5 7 0.571622 0.187849 
0 5 10 8 0.115036 0.606334 
10 5 10 9 0.0285948 0.369513 
0 6 0 10 0.126288 -0.393647 
0 8 0 11 0.30683 -0.40059 
0 8 5 12 0.362184 0.0539453 
0 6 5 13 0.169883 0.0669496 
0 2 2.5 14 -0.238702 -0.150736 
0 4 2.5 15 -0.0433514 -0.160999 
0 4 5 16 -0.0271991 0.0802772 
0 2 5 17 -0.229245 0.0939406 
0.5 0.5 -0.5 18 -0.377849 -0.392846 
0.5 0.5 6 19 -0.366342 0.205257 
10.5 0.5 -0.5 20 -0.224601 -0.138826 
10.5 0.5 6 21 -0.211833 0.17555 
10.5 10.5 -0.5 22 0.244118 -0.163816 
10.5 10.5 6 23 0.277094 0.139993 
0.5 10.5 -0.5 24 0.49607 -0.425465 
0.5 10.5 6 25 0.580568 0.135325 
0.5 5.5 9.5 26 0.151973 0.524598 
10.5 5.5 9.5 27 0.0497279 0.335585 
0.5 6.5 -0.5 28 0.157924 -0.412844 
0.5 8.5 -0.5 29 0.328819 -0.419222 
0.5 8.5 4.5 30 0.38255 0.00917831 
0.5 6.5 4.5 31 0.201159 0.0209415 
0.5 2.5 2 32 -0.185249 -0.184349 
0.5 4.5 2 33 -0.00112581 -0.193672 
0.5 4.5 4.5 34 0.0155095 0.0329809 
0.5 2.5 4.5 35 -0.174549 0.0453062 
