0 0 0 0 0.292023 -0.281881 
0 0 6.5 1 0.253277 0.0634862 
10 0 0 2 0.323728 -0.53839 
10 0 6.5 3 0.243623 0.174399 
10 10 0 4 -0.588868 -0.515866 
10 10 6.5 5 -0.617962 0.0471673 
0 10 0 6 -0.198756 -0.299847 
0 10 6.5 7 -0.222876 0.00611179 
0 5 10 8 -0.0153005 0.201924 
10 5 10 9 -0.262285 0.420745 
0 6 0 10 -0.0169826 -0.293193 
0 8 0 11 -0.110059 -0.2966 
0 8 5 12 -0.130597 -0.0545665 
0 6 5 13 -0.0395809 -0.0453421 
0 2 2.5 14 0.169905 -0.154506 
0 4 2.5 15 0.0682761 -0.161534 
0 4 5 16 0.0559627 -0.0356588 
0 2 5 17 0.156381 -0.0254815 
0.5 0.5 -0.5 18 0.267508 -0.317012 
0.5 0.5 6 19 0.228532 0.0364752 
10.5 0.5 -0.5 20 0.272983 -0.624997 
10.5 0.5 6 21 0.191891 0.123238 
10.5 10.5 -0.5 22 -0.660739 -0.5822 
10.5 10.5 6 23 -0.688038 0.0027012 
0.5 10.5 -0.5 24 -0.22966 -0.331108 
0.5 10.5 6 25 -0.253576 -0.0187976 
0.5 5.5 9.5 26 -0.043472 0.179602 
10.5 5.5 9.5 27 -0.325698 0.386057 
0.5 6.5 -0.5 28 -0.0458139 -0.325895 
0.5 8.5 -0.5 29 -0.139994 -0.328566 
0.5 8.5 4.5 30 -0.160426 -0.0813641 
0.5 6.5 4.5 31 -0.0683623 -0.0726219 
0.5 2.5 2 32 0.143713 -0.185741 
0.5 4.5 2 33 0.0406925 -0.192112 
0.5 4.5 4.5 34 0.0283733 -0.063436 
0.5 2.5 4.5 35 0.130146 -0.0537718 
