0 0 0 0 0.387928 -0.676296 
0 0 6.5 1 0.355791 -0.144349 
10 0 0 2 -0.336452 -0.594271 
10 0 6.5 3 -0.305497 -0.146911 
10 10 0 4 -0.106156 -0.440703 
10 10 6.5 5 -0.0983946 -0.168303 
0 10 0 6 0.327212 -0.47055 
0 10 6.5 7 0.311675 -0.168958 
0 5 10 8 0.317838 0.0259233 
10 5 10 9 -0.170844 0.0054132 
0 6 0 10 0.343808 -0.526788 
0 8 0 11 0.334718 -0.495984 
0 8 5 12 0.321156 -0.238398 
0 6 5 13 0.328416 -0.241826 
0 2 2.5 14 0.358486 -0.426114 
0 4 2.5 15 0.345904 -0.400699 
0 4 5 16 0.337292 -0.246016 
0 2 5 17 0.348388 -0.251254 
0.5 0.5 -0.5 18 0.343951 -0.69752 
0.5 0.5 6 19 0.316948 -0.182269 
10.5 0.5 -0.5 20 -0.350039 -0.614894 
10.5 0.5 6 21 -0.318951 -0.179362 
10.5 10.5 -0.5 22 -0.119112 -0.456446 
10.5 10.5 6 23 -0.110856 -0.188449 
0.5 10.5 -0.5 24 0.303318 -0.48728 
0.5 10.5 6 25 0.289406 -0.191084 
0.5 5.5 9.5 26 0.290781 -0.00572647 
10.5 5.5 9.5 27 -0.183986 -0.0223943 
0.5 6.5 -0.5 28 0.314562 -0.545456 
0.5 8.5 -0.5 29 0.308416 -0.513658 
0.5 8.5 4.5 30 0.29638 -0.261195 
0.5 6.5 4.5 31 0.301041 -0.26676 
0.5 2.5 2 32 0.322395 -0.452114 
0.5 4.5 2 33 0.314189 -0.424542 
0.5 4.5 4.5 34 0.306708 -0.273527 
0.5 2.5 4.5 35 0.31375 -0.281934 
