0 0 0 0 0.297908 -0.387995 
0 0 6.5 1 0.326086 0.0375243 
10 0 0 2 -0.381051 -0.344072 
10 0 6.5 3 -0.327272 0.107081 
10 10 0 4 -0.266051 -0.231421 
10 10 6.5 5 -0.236358 0.0355079 
0 10 0 6 0.139525 -0.262158 
0 10 6.5 7 0.159954 -0.00441093 
0 5 10 8 0.235366 0.177805 
10 5 10 9 -0.250534 0.235684 
0 6 0 10 0.184976 -0.298269 
0 8 0 11 0.160294 -0.27866 
0 8 5 12 0.177067 -0.0623295 
0 6 5 13 0.202844 -0.0615771 
0 2 2.5 14 0.261851 -0.203683 
0 4 2.5 15 0.22443 -0.189972 
0 4 5 16 0.233873 -0.0606713 
0 2 5 17 0.271941 -0.05956 
0.5 0.5 -0.5 18 0.251954 -0.408797 
0.5 0.5 6 19 0.280888 0.00652421 
10.5 0.5 -0.5 20 -0.410896 -0.367446 
10.5 0.5 6 21 -0.357558 0.0722684 
10.5 10.5 -0.5 22 -0.285735 -0.247214 
10.5 10.5 6 23 -0.256123 0.0156706 
0.5 10.5 -0.5 24 0.114039 -0.276874 
0.5 10.5 6 25 0.13465 -0.0229015 
0.5 5.5 9.5 26 0.203041 0.151737 
10.5 5.5 9.5 27 -0.274565 0.207247 
0.5 6.5 -0.5 28 0.153913 -0.315016 
0.5 8.5 -0.5 29 0.13229 -0.294332 
0.5 8.5 4.5 30 0.14924 -0.0814559 
0.5 6.5 4.5 31 0.172009 -0.0824527 
0.5 2.5 2 32 0.222395 -0.226184 
0.5 4.5 2 33 0.189729 -0.210491 
0.5 4.5 4.5 34 0.199323 -0.0836484 
0.5 2.5 4.5 35 0.232691 -0.0851092 
