0 0 0 0 0.265615 -0.163057 
0 0 6.5 1 0.248467 0.191375 
10 0 0 2 -0.0321237 -0.43869 
10 0 6.5 3 -0.0893831 0.208624 
10 10 0 4 -0.567142 -0.289987 
10 10 6.5 5 -0.632216 0.131409 
0 10 0 6 -0.147984 -0.127894 
0 10 6.5 7 -0.175223 0.146141 
0 5 10 8 -0.00454596 0.342278 
10 5 10 9 -0.45963 0.464854 
0 6 0 10 -0.00680513 -0.139896 
0 8 0 11 -0.0806841 -0.133615 
0 8 5 12 -0.100643 0.0853992 
0 6 5 13 -0.0256611 0.0899503 
0 2 2.5 14 0.157331 -0.0289505 
0 4 2.5 15 0.0660924 -0.0277078 
0 4 5 16 0.0572596 0.0949832 
0 2 5 17 0.14945 0.100579 
0.5 0.5 -0.5 18 0.231939 -0.194627 
0.5 0.5 6 19 0.213209 0.160265 
10.5 0.5 -0.5 20 -0.0964926 -0.499002 
10.5 0.5 6 21 -0.159744 0.149683 
10.5 10.5 -0.5 22 -0.612522 -0.328594 
10.5 10.5 6 23 -0.680441 0.0934058 
0.5 10.5 -0.5 24 -0.175745 -0.15227 
0.5 10.5 6 25 -0.204041 0.122039 
0.5 5.5 9.5 26 -0.037025 0.315362 
10.5 5.5 9.5 27 -0.519337 0.419389 
0.5 6.5 -0.5 28 -0.0366881 -0.166718 
0.5 8.5 -0.5 29 -0.10947 -0.159156 
0.5 8.5 4.5 30 -0.130298 0.0600806 
0.5 6.5 4.5 31 -0.0564829 0.0633732 
0.5 2.5 2 32 0.124466 -0.0586233 
0.5 4.5 2 33 0.034533 -0.0558203 
0.5 4.5 4.5 34 0.0251833 0.0670161 
0.5 2.5 4.5 35 0.116024 0.0710681 
