0 0 0 0 0.0433469 -0.290006 
0 0 6.5 1 0.0672434 -0.02831 
10 0 0 2 0.479596 -0.408286 
10 0 6.5 3 0.502332 -0.0568376 
10 10 0 4 0.24564 -0.604777 
10 10 6.5 5 0.292621 -0.00023845 
0 10 0 6 -0.303453 -0.359661 
0 10 6.5 7 -0.261004 0.0205561 
0 5 10 8 -0.0507497 0.153872 
10 5 10 9 0.440639 0.193894 
0 6 0 10 -0.132561 -0.325337 
0 8 0 11 -0.210848 -0.341061 
0 8 5 12 -0.18222 -0.0715827 
0 6 5 13 -0.107279 -0.0766154 
0 2 2.5 14 0.00279107 -0.191745 
0 4 2.5 15 -0.0541481 -0.195599 
0 4 5 16 -0.0429439 -0.0809359 
0 2 5 17 0.012887 -0.0846852 
0.5 0.5 -0.5 18 0.0459268 -0.31809 
0.5 0.5 6 19 0.0704992 -0.0480819 
10.5 0.5 -0.5 20 0.50113 -0.451224 
10.5 0.5 6 21 0.524317 -0.0846243 
10.5 10.5 -0.5 22 0.266744 -0.695643 
10.5 10.5 6 23 0.316248 -0.0448535 
0.5 10.5 -0.5 24 -0.315284 -0.404308 
0.5 10.5 6 25 -0.270685 -0.00628799 
0.5 5.5 9.5 26 -0.0510881 0.13704 
10.5 5.5 9.5 27 0.465078 0.171769 
0.5 6.5 -0.5 28 -0.136021 -0.36152 
0.5 8.5 -0.5 29 -0.217834 -0.381048 
0.5 8.5 4.5 30 -0.18793 -0.0999894 
0.5 6.5 4.5 31 -0.109743 -0.102966 
0.5 2.5 2 32 0.00421624 -0.218385 
0.5 4.5 2 33 -0.0545996 -0.224337 
0.5 4.5 4.5 34 -0.043005 -0.105506 
0.5 2.5 4.5 35 0.0146277 -0.1077 
