0 0 0 0 -0.72128 -0.587551 
0 0 6.5 1 -0.63841 -0.0735494 
10 0 0 2 -0.225168 -0.420659 
10 0 6.5 3 -0.196695 -0.117295 
10 10 0 4 0.242979 -0.521951 
10 10 6.5 5 0.252971 -0.141385 
0 10 0 6 -0.00866489 -0.883687 
0 10 6.5 7 0.0374331 -0.100458 
0 5 10 8 -0.329086 0.207663 
10 5 10 9 0.0150843 0.040595 
0 6 0 10 -0.367053 -0.734755 
0 8 0 11 -0.204669 -0.802235 
0 8 5 12 -0.156593 -0.24444 
0 6 5 13 -0.311465 -0.226172 
0 2 2.5 14 -0.587905 -0.406591 
0 4 2.5 15 -0.472609 -0.436456 
0 4 5 16 -0.443454 -0.210603 
0 2 5 17 -0.557281 -0.197176 
0.5 0.5 -0.5 18 -0.663078 -0.625224 
0.5 0.5 6 19 -0.585286 -0.114314 
10.5 0.5 -0.5 20 -0.194408 -0.444048 
10.5 0.5 6 21 -0.16746 -0.141742 
10.5 10.5 -0.5 22 0.277194 -0.550234 
10.5 10.5 6 23 0.285275 -0.171362 
0.5 10.5 -0.5 24 0.0661095 -0.9351 
0.5 10.5 6 25 0.103698 -0.159349 
0.5 5.5 9.5 26 -0.272791 0.157857 
10.5 5.5 9.5 27 0.0450203 0.0130996 
0.5 6.5 -0.5 28 -0.299474 -0.779741 
0.5 8.5 -0.5 29 -0.133546 -0.850254 
0.5 8.5 4.5 30 -0.0915244 -0.297418 
0.5 6.5 4.5 31 -0.249327 -0.275241 
0.5 2.5 2 32 -0.529089 -0.448023 
0.5 4.5 2 33 -0.410922 -0.480604 
0.5 4.5 4.5 34 -0.384118 -0.256298 
0.5 2.5 4.5 35 -0.500589 -0.23993 
