0 0 0 0 0.0884573 -0.400642 
0 0 6.5 1 0.104789 -0.122016 
10 0 0 2 0.55339 -0.549849 
10 0 6.5 3 0.552808 -0.145806 
10 10 0 4 0.187734 -0.790898 
10 10 6.5 5 0.217829 -0.100444 
0 10 0 6 -0.30797 -0.476367 
0 10 6.5 7 -0.26552 -0.0861399 
0 5 10 8 -0.0372952 0.0570534 
10 5 10 9 0.430624 0.11965 
0 6 0 10 -0.116076 -0.439712 
0 8 0 11 -0.204796 -0.456659 
0 8 5 12 -0.177878 -0.175745 
0 6 5 13 -0.0939619 -0.178383 
0 2 2.5 14 0.0363682 -0.295669 
0 4 2.5 15 -0.0296832 -0.300883 
0 4 5 16 -0.0206866 -0.180688 
0 2 5 17 0.0438509 -0.182717 
0.5 0.5 -0.5 18 0.0891749 -0.431746 
0.5 0.5 6 19 0.106013 -0.142878 
10.5 0.5 -0.5 20 0.57755 -0.602914 
10.5 0.5 6 21 0.575645 -0.177021 
10.5 10.5 -0.5 22 0.198409 -0.906876 
10.5 10.5 6 23 0.229947 -0.150206 
0.5 10.5 -0.5 24 -0.326103 -0.524411 
0.5 10.5 6 25 -0.280761 -0.113802 
0.5 5.5 9.5 26 -0.0411872 0.039902 
10.5 5.5 9.5 27 0.451438 0.0968396 
0.5 6.5 -0.5 28 -0.123643 -0.479234 
0.5 8.5 -0.5 29 -0.216908 -0.500045 
0.5 8.5 4.5 30 -0.188382 -0.205464 
0.5 6.5 4.5 31 -0.100384 -0.206116 
0.5 2.5 2 32 0.0352726 -0.324515 
0.5 4.5 2 33 -0.0333508 -0.331855 
0.5 4.5 4.5 34 -0.0239596 -0.206682 
0.5 2.5 4.5 35 0.0430333 -0.207178 
