0 0 0 0 -0.0514779 -0.0406387 
0 0 6.5 1 -0.0342478 0.211005 
10 0 0 2 0.349194 -0.0977051 
10 0 6.5 3 0.384838 0.191336 
10 10 0 4 0.325172 -0.237128 
10 10 6.5 5 0.385367 0.254762 
0 10 0 6 -0.290066 -0.120405 
0 10 6.5 7 -0.275632 0.272171 
0 5 10 8 -0.118048 0.410647 
10 5 10 9 0.411036 0.425994 
0 6 0 10 -0.168904 -0.0798971 
0 8 0 11 -0.223504 -0.0981513 
0 8 5 12 -0.211234 0.170441 
0 6 5 13 -0.155969 0.164366 
0 2 2.5 14 -0.0781199 0.0502481 
0 4 2.5 15 -0.116799 0.0456673 
0 4 5 16 -0.110093 0.159322 
0 2 5 17 -0.0714007 0.155069 
0.5 0.5 -0.5 18 -0.0428836 -0.0649455 
0.5 0.5 6 19 -0.0249595 0.191647 
10.5 0.5 -0.5 20 0.369421 -0.127257 
10.5 0.5 6 21 0.406831 0.168321 
10.5 10.5 -0.5 22 0.358865 -0.294061 
10.5 10.5 6 23 0.424305 0.217042 
0.5 10.5 -0.5 24 -0.284914 -0.161269 
0.5 10.5 6 25 -0.269664 0.243482 
0.5 5.5 9.5 26 -0.108781 0.392057 
10.5 5.5 9.5 27 0.440859 0.403992 
0.5 6.5 -0.5 28 -0.161263 -0.112058 
0.5 8.5 -0.5 29 -0.216793 -0.134158 
0.5 8.5 4.5 30 -0.203873 0.141803 
0.5 6.5 4.5 31 -0.147688 0.138286 
0.5 2.5 2 32 -0.0693727 0.0258863 
0.5 4.5 2 33 -0.108321 0.0190922 
0.5 4.5 4.5 34 -0.101305 0.135382 
0.5 2.5 4.5 35 -0.0623629 0.132944 
