0 0 0 0 0.283771 -0.303621 
0 0 6.5 1 0.322553 0.103016 
10 0 0 2 -0.377272 -0.274484 
10 0 6.5 3 -0.328443 0.189367 
10 10 0 4 -0.304868 -0.158811 
10 10 6.5 5 -0.276442 0.113548 
0 10 0 6 0.0983012 -0.18573 
0 10 6.5 7 0.123033 0.0658451 
0 5 10 8 0.215526 0.246253 
10 5 10 9 -0.276503 0.324976 
0 6 0 10 0.152439 -0.220142 
0 8 0 11 0.123133 -0.201514 
0 8 5 12 0.143665 0.0081794 
0 6 5 13 0.174715 0.00844156 
0 2 2.5 14 0.243814 -0.12998 
0 4 2.5 15 0.199741 -0.116616 
0 4 5 16 0.211889 0.00875545 
0 2 5 17 0.257199 0.00913802 
0.5 0.5 -0.5 18 0.237942 -0.323795 
0.5 0.5 6 19 0.276085 0.0734212 
10.5 0.5 -0.5 20 -0.411683 -0.298233 
10.5 0.5 6 21 -0.363925 0.153401 
10.5 10.5 -0.5 22 -0.32643 -0.174739 
10.5 10.5 6 23 -0.298369 0.0933617 
0.5 10.5 -0.5 24 0.0724372 -0.200054 
0.5 10.5 6 25 0.0969023 0.0478837 
0.5 5.5 9.5 26 0.181784 0.220956 
10.5 5.5 9.5 27 -0.303928 0.295531 
0.5 6.5 -0.5 28 0.121057 -0.236405 
0.5 8.5 -0.5 29 0.0947701 -0.216751 
0.5 8.5 4.5 30 0.115064 -0.0103395 
0.5 6.5 4.5 31 0.143053 -0.0117158 
0.5 2.5 2 32 0.203838 -0.151597 
0.5 4.5 2 33 0.164477 -0.136391 
0.5 4.5 4.5 34 0.17646 -0.0133584 
0.5 2.5 4.5 35 0.217024 -0.0153531 
