0 0 0 0 0.292543 -0.329202 
0 0 6.5 1 0.255024 0.0133824 
10 0 0 2 0.452347 -0.558468 
10 0 6.5 3 0.363083 0.149151 
10 10 0 4 -0.569921 -0.575259 
10 10 6.5 5 -0.56989 0.0478736 
0 10 0 6 -0.218686 -0.353144 
0 10 6.5 7 -0.232973 -0.0316151 
0 5 10 8 -0.00976287 0.15745 
10 5 10 9 -0.151877 0.409113 
0 6 0 10 -0.022646 -0.343963 
0 8 0 11 -0.121998 -0.348616 
0 8 5 12 -0.136336 -0.0958003 
0 6 5 13 -0.0404009 -0.0879286 
0 2 2.5 14 0.171714 -0.200672 
0 4 2.5 15 0.0686254 -0.207343 
0 4 5 16 0.0581264 -0.0798442 
0 2 5 17 0.159352 -0.0715383 
0.5 0.5 -0.5 18 0.271408 -0.364406 
0.5 0.5 6 19 0.233871 -0.0114668 
10.5 0.5 -0.5 20 0.415831 -0.648118 
10.5 0.5 6 21 0.325211 0.105128 
10.5 10.5 -0.5 22 -0.652674 -0.65339 
10.5 10.5 6 23 -0.645996 0.00476061 
0.5 10.5 -0.5 24 -0.251146 -0.386528 
0.5 10.5 6 25 -0.264422 -0.0559058 
0.5 5.5 9.5 26 -0.0361416 0.137479 
10.5 5.5 9.5 27 -0.209871 0.382119 
0.5 6.5 -0.5 28 -0.0509853 -0.378055 
0.5 8.5 -0.5 29 -0.15246 -0.38235 
0.5 8.5 4.5 30 -0.16615 -0.122231 
0.5 6.5 4.5 31 -0.0682384 -0.114525 
0.5 2.5 2 32 0.14811 -0.231421 
0.5 4.5 2 33 0.0427117 -0.23783 
0.5 4.5 4.5 34 0.0323853 -0.106605 
0.5 2.5 4.5 35 0.135835 -0.0984627 
