0 0 0 0 -0.556097 -0.454922 
0 0 6.5 1 -0.532306 -0.0664152 
10 0 0 2 -0.0877666 -0.36515 
10 0 6.5 3 -0.0932788 -0.0891101 
10 10 0 4 0.295791 -0.424906 
10 10 6.5 5 0.262138 -0.0352323 
0 10 0 6 -0.240264 -0.622985 
0 10 6.5 7 -0.235982 0.0364734 
0 5 10 8 -0.411041 0.203283 
10 5 10 9 0.0474272 0.0927043 
0 6 0 10 -0.409443 -0.532961 
0 8 0 11 -0.335635 -0.572235 
0 8 5 12 -0.325299 -0.11681 
0 6 5 13 -0.395102 -0.128178 
0 2 2.5 14 -0.506997 -0.305704 
0 4 2.5 15 -0.459666 -0.313655 
0 4 5 16 -0.451611 -0.137381 
0 2 5 17 -0.498294 -0.144983 
0.5 0.5 -0.5 18 -0.515595 -0.485653 
0.5 0.5 6 19 -0.494404 -0.0928959 
10.5 0.5 -0.5 20 -0.0571731 -0.386475 
10.5 0.5 6 21 -0.0641953 -0.108283 
10.5 10.5 -0.5 22 0.341815 -0.455728 
10.5 10.5 6 23 0.304841 -0.061756 
0.5 10.5 -0.5 24 -0.166574 -0.678149 
0.5 10.5 6 25 -0.170485 -0.00641269 
0.5 5.5 9.5 26 -0.365021 0.173498 
10.5 5.5 9.5 27 0.0809879 0.071834 
0.5 6.5 -0.5 28 -0.353912 -0.574827 
0.5 8.5 -0.5 29 -0.272291 -0.619843 
0.5 8.5 4.5 30 -0.266793 -0.156895 
0.5 6.5 4.5 31 -0.343324 -0.164098 
0.5 2.5 2 32 -0.463731 -0.337345 
0.5 4.5 2 33 -0.411785 -0.348483 
0.5 4.5 4.5 34 -0.40518 -0.16992 
0.5 2.5 4.5 35 -0.456214 -0.174723 
