0 0 0 0 -0.3413 -0.271177 
0 0 6.5 1 -0.372138 0.0192948 
10 0 0 2 0.0633741 -0.194724 
10 0 6.5 3 0.0386192 0.054696 
10 10 0 4 0.319607 -0.290658 
10 10 6.5 5 0.282617 0.0982684 
0 10 0 6 -0.302341 -0.449109 
0 10 6.5 7 -0.355135 0.0497528 
0 5 10 8 -0.387057 0.230065 
10 5 10 9 0.117759 0.236645 
0 6 0 10 -0.323132 -0.354153 
0 8 0 11 -0.31404 -0.39568 
0 8 5 12 -0.349529 -0.0606589 
0 6 5 13 -0.354694 -0.0564274 
0 2 2.5 14 -0.349242 -0.17229 
0 4 2.5 15 -0.344579 -0.1873 
0 4 5 16 -0.358819 -0.0530479 
0 2 5 17 -0.36219 -0.0502866 
0.5 0.5 -0.5 18 -0.313891 -0.294425 
0.5 0.5 6 19 -0.344978 -0.000452766 
10.5 0.5 -0.5 20 0.0911481 -0.213829 
10.5 0.5 6 21 0.0662467 0.0381682 
10.5 10.5 -0.5 22 0.367404 -0.3222 
10.5 10.5 6 23 0.330112 0.0730288 
0.5 10.5 -0.5 24 -0.254036 -0.49319 
0.5 10.5 6 25 -0.307558 0.0160867 
0.5 5.5 9.5 26 -0.352695 0.208251 
10.5 5.5 9.5 27 0.152652 0.218765 
0.5 6.5 -0.5 28 -0.286111 -0.386676 
0.5 8.5 -0.5 29 -0.272121 -0.433133 
0.5 8.5 4.5 30 -0.308038 -0.0920215 
0.5 6.5 4.5 31 -0.318011 -0.0841501 
0.5 2.5 2 32 -0.319349 -0.196397 
0.5 4.5 2 33 -0.311568 -0.214088 
0.5 4.5 4.5 34 -0.325946 -0.0778873 
0.5 2.5 4.5 35 -0.33241 -0.0727857 
