0 0 0 0 -0.337346 -0.258568 
0 0 6.5 1 -0.368591 0.0302313 
10 0 0 2 0.0662994 -0.184112 
10 0 6.5 3 0.0417483 0.0650772 
10 10 0 4 0.318852 -0.278917 
10 10 6.5 5 0.28273 0.110323 
0 10 0 6 -0.303766 -0.432515 
0 10 6.5 7 -0.357186 0.0628534 
0 5 10 8 -0.385914 0.241296 
10 5 10 9 0.119751 0.248131 
0 6 0 10 -0.321674 -0.339752 
0 8 0 11 -0.313839 -0.380338 
0 8 5 12 -0.349739 -0.0477587 
0 6 5 13 -0.353613 -0.0440872 
0 2 2.5 14 -0.346117 -0.160077 
0 4 2.5 15 -0.34228 -0.174633 
0 4 5 16 -0.356708 -0.0411543 
0 2 5 17 -0.359237 -0.0387576 
0.5 0.5 -0.5 18 -0.310236 -0.281675 
0.5 0.5 6 19 -0.341687 0.0105914 
10.5 0.5 -0.5 20 0.0939634 -0.2032 
10.5 0.5 6 21 0.0693108 0.0485661 
10.5 10.5 -0.5 22 0.366534 -0.310479 
10.5 10.5 6 23 0.330241 0.0850858 
0.5 10.5 -0.5 24 -0.256159 -0.476225 
0.5 10.5 6 25 -0.310176 0.0294296 
0.5 5.5 9.5 26 -0.351874 0.219623 
10.5 5.5 9.5 27 0.154635 0.23028 
0.5 6.5 -0.5 28 -0.285118 -0.372041 
0.5 8.5 -0.5 29 -0.272482 -0.417502 
0.5 8.5 4.5 30 -0.308732 -0.0789114 
0.5 6.5 4.5 31 -0.317335 -0.0716353 
0.5 2.5 2 32 -0.316545 -0.18404 
0.5 4.5 2 33 -0.30964 -0.201253 
0.5 4.5 4.5 34 -0.324181 -0.0658451 
0.5 2.5 4.5 35 -0.329759 -0.061128 
