0 0 0 0 -0.296017 -0.388934 
0 0 6.5 1 -0.310492 0.261919 
10 0 0 2 -0.248824 -0.105986 
10 0 6.5 3 -0.252802 0.228194 
10 10 0 4 0.22188 -0.0956566 
10 10 6.5 5 0.245813 0.20771 
0 10 0 6 0.552726 -0.325559 
0 10 6.5 7 0.633828 0.217601 
0 5 10 8 0.234563 0.619498 
10 5 10 9 0.0155039 0.405419 
0 6 0 10 0.247756 -0.348331 
0 8 0 11 0.405241 -0.336572 
0 8 5 12 0.455693 0.084498 
0 6 5 13 0.286164 0.0872352 
0 2 2.5 14 -0.0976798 -0.151168 
0 4 2.5 15 0.0908972 -0.145253 
0 4 5 16 0.103646 0.090182 
0 2 5 17 -0.093412 0.0933637 
0.5 0.5 -0.5 18 -0.243452 -0.40117 
0.5 0.5 6 19 -0.250419 0.203359 
10.5 0.5 -0.5 20 -0.222379 -0.121727 
10.5 0.5 6 21 -0.224572 0.199895 
10.5 10.5 -0.5 22 0.232018 -0.110349 
10.5 10.5 6 23 0.255772 0.182632 
0.5 10.5 -0.5 24 0.553213 -0.339252 
0.5 10.5 6 25 0.629708 0.171308 
0.5 5.5 9.5 26 0.256394 0.538964 
10.5 5.5 9.5 27 0.0341316 0.371539 
0.5 6.5 -0.5 28 0.265161 -0.36164 
0.5 8.5 -0.5 29 0.413656 -0.350098 
0.5 8.5 4.5 30 0.461859 0.0454816 
0.5 6.5 4.5 31 0.30271 0.0467015 
0.5 2.5 2 32 -0.0569808 -0.178156 
0.5 4.5 2 33 0.118962 -0.171665 
0.5 4.5 4.5 34 0.132126 0.048009 
0.5 2.5 4.5 35 -0.051173 0.049414 
