0 0 0 0 -0.00943178 -0.0914876 
0 0 6.5 1 0.0144728 0.160139 
10 0 0 2 0.40132 -0.164522 
10 0 6.5 3 0.438674 0.141348 
10 10 0 4 0.311718 -0.29131 
10 10 6.5 5 0.373412 0.234772 
0 10 0 6 -0.287424 -0.146153 
0 10 6.5 7 -0.257756 0.23762 
0 5 10 8 -0.0782619 0.359433 
10 5 10 9 0.440856 0.391993 
0 6 0 10 -0.147613 -0.11866 
0 8 0 11 -0.21096 -0.131117 
0 8 5 12 -0.189118 0.134652 
0 6 5 13 -0.126678 0.12415 
0 2 2.5 14 -0.0392352 0.00361265 
0 4 2.5 15 -0.0843328 0.00277761 
0 4 5 16 -0.0742466 0.115331 
0 2 5 17 -0.0295954 0.107821 
0.5 0.5 -0.5 18 -0.0033745 -0.11594 
0.5 0.5 6 19 0.0212476 0.141769 
10.5 0.5 -0.5 20 0.421484 -0.196714 
10.5 0.5 6 21 0.460434 0.118187 
10.5 10.5 -0.5 22 0.342108 -0.354472 
10.5 10.5 6 23 0.408378 0.198904 
0.5 10.5 -0.5 24 -0.288954 -0.185891 
0.5 10.5 6 25 -0.258138 0.212213 
0.5 5.5 9.5 26 -0.0728721 0.343163 
10.5 5.5 9.5 27 0.469186 0.372241 
0.5 6.5 -0.5 28 -0.144384 -0.150479 
0.5 8.5 -0.5 29 -0.209648 -0.166465 
0.5 8.5 4.5 30 -0.186999 0.108202 
0.5 6.5 4.5 31 -0.122713 0.0997362 
0.5 2.5 2 32 -0.0334963 -0.0202471 
0.5 4.5 2 33 -0.0794637 -0.0230617 
0.5 4.5 4.5 34 -0.0690393 0.0926684 
0.5 2.5 4.5 35 -0.0235505 0.0866784 
