0 0 0 0 0.310747 -0.481507 
0 0 6.5 1 0.328817 -0.0351782 
10 0 0 2 -0.383156 -0.430683 
10 0 6.5 3 -0.329048 0.0192023 
10 10 0 4 -0.23853 -0.302438 
10 10 6.5 5 -0.210428 -0.0353963 
0 10 0 6 0.17185 -0.33368 
0 10 6.5 7 0.187075 -0.0678843 
0 5 10 8 0.249157 0.113476 
10 5 10 9 -0.236185 0.155044 
0 6 0 10 0.211212 -0.375573 
0 8 0 11 0.189788 -0.352771 
0 8 5 12 0.202136 -0.128588 
0 6 5 13 0.224118 -0.129576 
0 2 2.5 14 0.276623 -0.282239 
0 4 2.5 15 0.244073 -0.264857 
0 4 5 16 0.250683 -0.130769 
0 2 5 17 0.283433 -0.13224 
0.5 0.5 -0.5 18 0.264734 -0.502108 
0.5 0.5 6 19 0.284589 -0.066896 
10.5 0.5 -0.5 20 -0.40969 -0.453051 
10.5 0.5 6 21 -0.355743 -0.0144409 
10.5 10.5 -0.5 22 -0.256869 -0.318007 
10.5 10.5 6 23 -0.228678 -0.0549722 
0.5 10.5 -0.5 24 0.146619 -0.348583 
0.5 10.5 6 25 0.162355 -0.0867601 
0.5 5.5 9.5 26 0.217844 0.0868546 
10.5 5.5 9.5 27 -0.257889 0.127307 
0.5 6.5 -0.5 28 0.180373 -0.392456 
0.5 8.5 -0.5 29 0.162029 -0.368613 
0.5 8.5 4.5 30 0.174859 -0.148103 
0.5 6.5 4.5 31 0.19388 -0.150877 
0.5 2.5 2 32 0.237571 -0.305046 
0.5 4.5 2 33 0.209789 -0.285688 
0.5 4.5 4.5 34 0.21678 -0.154216 
0.5 2.5 4.5 35 0.244882 -0.158314 
