0 0 0 0 -0.367269 -0.341174 
0 0 6.5 1 -0.394592 -0.0386599 
10 0 0 2 0.0450696 -0.253431 
10 0 6.5 3 0.0198331 -0.0013378 
10 10 0 4 0.323513 -0.353428 
10 10 6.5 5 0.282136 0.0356583 
0 10 0 6 -0.2949 -0.539917 
0 10 6.5 7 -0.342873 -0.0160743 
0 5 10 8 -0.394096 0.173339 
10 5 10 9 0.106396 0.176176 
0 6 0 10 -0.333688 -0.433397 
0 8 0 11 -0.316772 -0.479851 
0 8 5 12 -0.348909 -0.127471 
0 6 5 13 -0.362087 -0.120991 
0 2 2.5 14 -0.369697 -0.238541 
0 4 2.5 15 -0.359921 -0.255652 
0 4 5 16 -0.3726 -0.115822 
0 2 5 17 -0.381182 -0.111603 
0.5 0.5 -0.5 18 -0.338001 -0.365368 
0.5 0.5 6 19 -0.365855 -0.0591151 
10.5 0.5 -0.5 20 0.073509 -0.272703 
10.5 0.5 6 21 0.0478558 -0.0180185 
10.5 10.5 -0.5 22 0.371959 -0.384896 
10.5 10.5 6 23 0.329507 0.0103985 
0.5 10.5 -0.5 24 -0.242245 -0.586328 
0.5 10.5 6 25 -0.291853 -0.0511727 
0.5 5.5 9.5 26 -0.357778 0.150652 
10.5 5.5 9.5 27 0.141344 0.158097 
0.5 6.5 -0.5 28 -0.293776 -0.467421 
0.5 8.5 -0.5 29 -0.271362 -0.51914 
0.5 8.5 4.5 30 -0.304452 -0.160123 
0.5 6.5 4.5 31 -0.322919 -0.14981 
0.5 2.5 2 32 -0.337818 -0.263591 
0.5 4.5 2 33 -0.324623 -0.283524 
0.5 4.5 4.5 34 -0.337599 -0.141612 
0.5 2.5 4.5 35 -0.349547 -0.134939 
