0 0 0 0 -0.0231355 -0.235499 
0 0 6.5 1 -0.0573123 0.465331 
10 0 0 2 -0.247818 -0.0476656 
10 0 6.5 3 -0.279743 0.31258 
10 10 0 4 0.1874 0.011781 
10 10 6.5 5 0.185042 0.304653 
0 10 0 6 0.616147 -0.0821725 
0 10 6.5 7 0.650795 0.40171 
0 5 10 8 0.374842 0.789766 
10 5 10 9 -0.0304964 0.498574 
0 6 0 10 0.413147 -0.13086 
0 8 0 11 0.521173 -0.104951 
0 8 5 12 0.542193 0.283181 
0 6 5 13 0.427307 0.284001 
0 2 2.5 14 0.141703 0.0349829 
0 4 2.5 15 0.291512 0.0531853 
0 4 5 16 0.294041 0.284953 
0 2 5 17 0.1376 0.28607 
0.5 0.5 -0.5 18 0.00180556 -0.252928 
0.5 0.5 6 19 -0.0265906 0.390459 
10.5 0.5 -0.5 20 -0.225598 -0.0643739 
10.5 0.5 6 21 -0.254802 0.28012 
10.5 10.5 -0.5 22 0.191947 -0.00378623 
10.5 10.5 6 23 0.189902 0.278602 
0.5 10.5 -0.5 24 0.601928 -0.102276 
0.5 10.5 6 25 0.633483 0.353608 
0.5 5.5 9.5 26 0.371936 0.70312 
10.5 5.5 9.5 27 -0.0168407 0.46158 
0.5 6.5 -0.5 28 0.408565 -0.150817 
0.5 8.5 -0.5 29 0.511133 -0.125069 
0.5 8.5 4.5 30 0.530273 0.239663 
0.5 6.5 4.5 31 0.421531 0.237406 
0.5 2.5 2 32 0.15458 -9.70596e-05 
0.5 4.5 2 33 0.294061 0.0194867 
0.5 4.5 4.5 34 0.296525 0.234811 
0.5 2.5 4.5 35 0.151314 0.231797 
