0 0 0 0 0.0966498 -0.409088 
0 0 6.5 1 0.111261 -0.127953 
10 0 0 2 0.565918 -0.560172 
10 0 6.5 3 0.560799 -0.147817 
10 10 0 4 0.177809 -0.801041 
10 10 6.5 5 0.204971 -0.0992314 
0 10 0 6 -0.306681 -0.483283 
0 10 6.5 7 -0.265054 -0.0922205 
0 5 10 8 -0.0347674 0.0513419 
10 5 10 9 0.42815 0.1215 
0 6 0 10 -0.112101 -0.447489 
0 8 0 11 -0.202215 -0.464066 
0 8 5 12 -0.176125 -0.18184 
0 6 5 13 -0.0909856 -0.184549 
0 2 2.5 14 0.0425594 -0.30281 
0 4 2.5 15 -0.0248495 -0.307867 
0 4 5 16 -0.0164218 -0.186922 
0 2 5 17 0.0494219 -0.189017 
0.5 0.5 -0.5 18 0.0971148 -0.440443 
0.5 0.5 6 19 0.112189 -0.1488 
10.5 0.5 -0.5 20 0.590522 -0.614469 
10.5 0.5 6 21 0.583723 -0.17916 
10.5 10.5 -0.5 22 0.186394 -0.919442 
10.5 10.5 6 23 0.214922 -0.148589 
0.5 10.5 -0.5 24 -0.325626 -0.531335 
0.5 10.5 6 25 -0.281032 -0.119645 
0.5 5.5 9.5 26 -0.0391751 0.0343628 
10.5 5.5 9.5 27 0.448214 0.0991813 
0.5 6.5 -0.5 28 -0.12023 -0.487174 
0.5 8.5 -0.5 29 -0.215013 -0.507553 
0.5 8.5 4.5 30 -0.187285 -0.211426 
0.5 6.5 4.5 31 -0.097964 -0.212206 
0.5 2.5 2 32 0.0411075 -0.331762 
0.5 4.5 2 33 -0.0289699 -0.338911 
0.5 4.5 4.5 34 -0.0201539 -0.212886 
0.5 2.5 4.5 35 0.0482357 -0.213483 
