0 0 0 0 -0.481264 -0.34498 
0 0 6.5 1 -0.466593 0.289052 
10 0 0 2 -0.252934 -0.11823 
10 0 6.5 3 -0.236652 0.204473 
10 10 0 4 0.23269 -0.154596 
10 10 6.5 5 0.267791 0.163305 
0 10 0 6 0.458972 -0.410654 
0 10 6.5 7 0.546848 0.204964 
0 5 10 8 0.0770596 0.625648 
10 5 10 9 0.0316419 0.366897 
0 6 0 10 0.0872953 -0.384693 
0 8 0 11 0.273858 -0.397724 
0 8 5 12 0.329551 0.0701245 
0 6 5 13 0.132105 0.0858727 
0 2 2.5 14 -0.279323 -0.127219 
0 4 2.5 15 -0.0843497 -0.141776 
0 4 5 16 -0.0669847 0.101752 
0 2 5 17 -0.267741 0.117764 
0.5 0.5 -0.5 18 -0.415694 -0.370084 
0.5 0.5 6 19 -0.396883 0.227151 
10.5 0.5 -0.5 20 -0.22453 -0.137582 
10.5 0.5 6 21 -0.207613 0.175336 
10.5 10.5 -0.5 22 0.24784 -0.172786 
10.5 10.5 6 23 0.282544 0.135606 
0.5 10.5 -0.5 24 0.476093 -0.431995 
0.5 10.5 6 25 0.560494 0.148827 
0.5 5.5 9.5 26 0.118095 0.542685 
10.5 5.5 9.5 27 0.0535033 0.332677 
0.5 6.5 -0.5 28 0.123356 -0.407507 
0.5 8.5 -0.5 29 0.300378 -0.419796 
0.5 8.5 4.5 30 0.354593 0.0218952 
0.5 6.5 4.5 31 0.167804 0.036612 
0.5 2.5 2 32 -0.222776 -0.164332 
0.5 4.5 2 33 -0.0381977 -0.177986 
0.5 4.5 4.5 34 -0.0204587 0.0514449 
0.5 2.5 4.5 35 -0.210211 0.0663951 
