0 0 0 0 0.403178 -0.523767 
0 0 6.5 1 0.344419 0.0208684 
10 0 0 2 -0.279166 -0.462459 
10 0 6.5 3 -0.277271 -0.0514382 
10 10 0 4 -0.00989562 -0.352107 
10 10 6.5 5 -0.0206735 -0.0890456 
0 10 0 6 0.427913 -0.365402 
0 10 6.5 7 0.392045 -0.05341 
0 5 10 8 0.352775 0.166609 
10 5 10 9 -0.125606 0.0845834 
0 6 0 10 0.421144 -0.408745 
0 8 0 11 0.424851 -0.38501 
0 8 5 12 0.394516 -0.119077 
0 6 5 13 0.387957 -0.115032 
0 2 2.5 14 0.389689 -0.283646 
0 4 2.5 15 0.397735 -0.269454 
0 4 5 16 0.379938 -0.110087 
0 2 5 17 0.369914 -0.103905 
0.5 0.5 -0.5 18 0.366302 -0.550392 
0.5 0.5 6 19 0.313173 -0.0262635 
10.5 0.5 -0.5 20 -0.283408 -0.484643 
10.5 0.5 6 21 -0.281293 -0.0854008 
10.5 10.5 -0.5 22 -0.0186109 -0.368842 
10.5 10.5 6 23 -0.0287792 -0.110641 
0.5 10.5 -0.5 24 0.405992 -0.38494 
0.5 10.5 6 25 0.372151 -0.0797582 
0.5 5.5 9.5 26 0.329908 0.128083 
10.5 5.5 9.5 27 -0.132492 0.0549476 
0.5 6.5 -0.5 28 0.39497 -0.430887 
0.5 8.5 -0.5 29 0.400991 -0.405789 
0.5 8.5 4.5 30 0.372534 -0.146289 
0.5 6.5 4.5 31 0.36404 -0.145006 
0.5 2.5 2 32 0.359038 -0.315448 
0.5 4.5 2 33 0.370191 -0.298235 
0.5 4.5 4.5 34 0.353721 -0.143448 
0.5 2.5 4.5 35 0.340916 -0.141515 
