0 0 0 0 0.290803 -0.274701 
0 0 6.5 1 0.253252 0.0722594 
10 0 0 2 0.264611 -0.55837 
10 0 6.5 3 0.189157 0.15226 
10 10 0 4 -0.58934 -0.506589 
10 10 6.5 5 -0.629887 0.0299912 
0 10 0 6 -0.189245 -0.285111 
0 10 6.5 7 -0.216421 0.0144191 
0 5 10 8 -0.0156598 0.211235 
10 5 10 9 -0.30537 0.400862 
0 6 0 10 -0.0141235 -0.281313 
0 8 0 11 -0.10418 -0.283266 
0 8 5 12 -0.126463 -0.045768 
0 6 5 13 -0.0378557 -0.0369278 
0 2 2.5 14 0.169234 -0.146711 
0 4 2.5 15 0.0686587 -0.152822 
0 4 5 16 0.0560583 -0.0275582 
0 2 5 17 0.15577 -0.0176102 
0.5 0.5 -0.5 18 0.264744 -0.309895 
0.5 0.5 6 19 0.226825 0.0440101 
10.5 0.5 -0.5 20 0.208947 -0.643411 
10.5 0.5 6 21 0.132055 0.0969634 
10.5 10.5 -0.5 22 -0.656027 -0.568357 
10.5 10.5 6 23 -0.696421 -0.0149933 
0.5 10.5 -0.5 24 -0.219454 -0.315519 
0.5 10.5 6 25 -0.246733 -0.0108284 
0.5 5.5 9.5 26 -0.044579 0.187656 
10.5 5.5 9.5 27 -0.369889 0.362198 
0.5 6.5 -0.5 28 -0.0431125 -0.313471 
0.5 8.5 -0.5 29 -0.133838 -0.314525 
0.5 8.5 4.5 30 -0.156231 -0.072807 
0.5 6.5 4.5 31 -0.0669885 -0.0646151 
0.5 2.5 2 32 0.141903 -0.178286 
0.5 4.5 2 33 0.0403837 -0.183538 
0.5 4.5 4.5 34 0.0276929 -0.0559241 
0.5 2.5 4.5 35 0.128326 -0.0466867 
