0 0 0 0 0.270659 -0.196842 
0 0 6.5 1 0.249052 0.154544 
10 0 0 2 0.013292 -0.494876 
10 0 6.5 3 -0.0458164 0.159603 
10 10 0 4 -0.570018 -0.347933 
10 10 6.5 5 -0.634675 0.0859824 
0 10 0 6 -0.15387 -0.166413 
0 10 6.5 7 -0.18264 0.10966 
0 5 10 8 -0.00794463 0.304026 
10 5 10 9 -0.440413 0.420123 
0 6 0 10 -0.00752172 -0.176903 
0 8 0 11 -0.0839177 -0.171427 
0 8 5 12 -0.105338 0.0489638 
0 6 5 13 -0.0281682 0.0537478 
0 2 2.5 14 0.159511 -0.0639734 
0 4 2.5 15 0.066562 -0.0634146 
0 4 5 16 0.0566354 0.0590051 
0 2 5 17 0.150265 0.0648095 
0.5 0.5 -0.5 18 0.238222 -0.22925 
0.5 0.5 6 19 0.21529 0.123589 
10.5 0.5 -0.5 20 -0.0509355 -0.559596 
10.5 0.5 6 21 -0.115353 0.0998137 
10.5 10.5 -0.5 22 -0.617939 -0.389645 
10.5 10.5 6 23 -0.685362 0.0464476 
0.5 10.5 -0.5 24 -0.181833 -0.191776 
0.5 10.5 6 25 -0.211555 0.0851922 
0.5 5.5 9.5 26 -0.0397959 0.277382 
10.5 5.5 9.5 27 -0.501457 0.374643 
0.5 6.5 -0.5 28 -0.0371705 -0.204682 
0.5 8.5 -0.5 29 -0.112705 -0.197943 
0.5 8.5 4.5 30 -0.1349 0.0231857 
0.5 6.5 4.5 31 -0.0586441 0.0267773 
0.5 2.5 2 32 0.127568 -0.094202 
0.5 4.5 2 33 0.0355803 -0.0921527 
0.5 4.5 4.5 34 0.0252058 0.0307265 
0.5 2.5 4.5 35 0.117843 0.0350897 
