0 0 0 0 -0.30067 -0.133777 
0 0 6.5 1 -0.333384 0.143469 
10 0 0 2 0.0963563 -0.0787689 
10 0 6.5 3 0.0757079 0.171733 
10 10 0 4 0.313224 -0.161195 
10 10 6.5 5 0.287793 0.237567 
0 10 0 6 -0.317907 -0.269454 
0 10 6.5 7 -0.374901 0.201656 
0 5 10 8 -0.372121 0.361953 
10 5 10 9 0.144174 0.369741 
0 6 0 10 -0.308773 -0.19756 
0 8 0 11 -0.312785 -0.229144 
0 8 5 12 -0.350641 0.086096 
0 6 5 13 -0.342328 0.0834942 
0 2 2.5 14 -0.316422 -0.0369442 
0 4 2.5 15 -0.320442 -0.0467795 
0 4 5 16 -0.335675 0.0814121 
0 2 5 17 -0.330231 0.0797081 
0.5 0.5 -0.5 18 -0.27638 -0.155842 
0.5 0.5 6 19 -0.308936 0.124629 
10.5 0.5 -0.5 20 0.122968 -0.0979736 
10.5 0.5 6 21 0.102662 0.155161 
10.5 10.5 -0.5 22 0.359775 -0.193377 
10.5 10.5 6 23 0.335523 0.212097 
0.5 10.5 -0.5 24 -0.27685 -0.310183 
0.5 10.5 6 25 -0.333417 0.170307 
0.5 5.5 9.5 26 -0.341234 0.341467 
10.5 5.5 9.5 27 0.179022 0.351996 
0.5 6.5 -0.5 28 -0.2766 -0.228045 
0.5 8.5 -0.5 29 -0.27671 -0.26403 
0.5 8.5 4.5 30 -0.314302 0.0566488 
0.5 6.5 4.5 31 -0.309943 0.0573263 
0.5 2.5 2 32 -0.289898 -0.0598323 
0.5 4.5 2 33 -0.291321 -0.0721227 
0.5 4.5 4.5 34 -0.306469 0.0578662 
0.5 2.5 4.5 35 -0.303636 0.0583067 
