0 0 0 0 0.280954 -0.246432 
0 0 6.5 1 0.25156 0.102297 
10 0 0 2 0.108265 -0.568111 
10 0 6.5 3 0.0442195 0.109637 
10 10 0 4 -0.577269 -0.44168 
10 10 6.5 5 -0.637439 0.025857 
0 10 0 6 -0.165853 -0.229747 
0 10 6.5 7 -0.196061 0.0534705 
0 5 10 8 -0.0122044 0.247756 
10 5 10 9 -0.395923 0.370995 
0 6 0 10 -0.00866566 -0.235617 
0 8 0 11 -0.0902941 -0.232569 
0 8 5 12 -0.113503 -0.00697376 
0 6 5 13 -0.0318553 -0.000889921 
0 2 2.5 14 0.164619 -0.115624 
0 4 2.5 15 0.0683227 -0.117353 
0 4 5 16 0.0567099 0.00570935 
0 2 5 17 0.15311 0.0128925 
0.5 0.5 -0.5 18 0.250944 -0.280441 
0.5 0.5 6 19 0.220669 0.0718216 
10.5 0.5 -0.5 20 0.0453619 -0.642283 
10.5 0.5 6 21 -0.0224323 0.0489035 
10.5 10.5 -0.5 22 -0.631335 -0.490709 
10.5 10.5 6 23 -0.693779 -0.0168133 
0.5 10.5 -0.5 24 -0.194462 -0.257216 
0.5 10.5 6 25 -0.225371 0.0283269 
0.5 5.5 9.5 26 -0.0429079 0.221808 
10.5 5.5 9.5 27 -0.459325 0.326139 
0.5 6.5 -0.5 28 -0.0379869 -0.265375 
0.5 8.5 -0.5 29 -0.119275 -0.261137 
0.5 8.5 4.5 30 -0.143047 -0.0336241 
0.5 6.5 4.5 31 -0.0617662 -0.0285715 
0.5 2.5 2 32 0.134445 -0.146874 
0.5 4.5 2 33 0.0383992 -0.147291 
0.5 4.5 4.5 34 0.026475 -0.0230862 
0.5 2.5 4.5 35 0.122611 -0.0171102 
