0 0 0 0 0.258107 -0.0478911 
0 0 6.5 1 0.279905 0.332158 
10 0 0 2 -0.261675 -0.181879 
10 0 6.5 3 -0.291722 0.415372 
10 10 0 4 -0.497321 -0.0292975 
10 10 6.5 5 -0.53182 0.327289 
0 10 0 6 -0.0721257 0.0271249 
0 10 6.5 7 -0.0747898 0.293073 
0 5 10 8 0.0731909 0.494531 
10 5 10 9 -0.465803 0.635813 
0 6 0 10 0.0334592 0.00314013 
0 8 0 11 -0.0226433 0.0158844 
0 8 5 12 -0.0226544 0.230695 
0 6 5 13 0.03605 0.232395 
0 2 2.5 14 0.176755 0.100708 
0 4 2.5 15 0.100525 0.108469 
0 4 5 16 0.103591 0.234351 
0 2 5 17 0.182127 0.236626 
0.5 0.5 -0.5 18 0.216696 -0.0738 
0.5 0.5 6 19 0.235101 0.300689 
10.5 0.5 -0.5 20 -0.318467 -0.219975 
10.5 0.5 6 21 -0.355084 0.363564 
10.5 10.5 -0.5 22 -0.530049 -0.0537945 
10.5 10.5 6 23 -0.566602 0.2979 
0.5 10.5 -0.5 24 -0.0993628 0.00835017 
0.5 10.5 6 25 -0.103459 0.271575 
0.5 5.5 9.5 26 0.0369236 0.466617 
10.5 5.5 9.5 27 -0.512806 0.59315 
0.5 6.5 -0.5 28 0.0018671 -0.0179616 
0.5 8.5 -0.5 29 -0.0519006 -0.00398625 
0.5 8.5 4.5 30 -0.0531716 0.208503 
0.5 6.5 4.5 31 0.00298408 0.208649 
0.5 2.5 2 32 0.138192 0.074934 
0.5 4.5 2 33 0.0653552 0.0845142 
0.5 4.5 4.5 34 0.0675265 0.208816 
0.5 2.5 4.5 35 0.142486 0.209011 
