0 0 0 0 -0.568487 -0.460959 
0 0 6.5 1 -0.540277 -0.0659361 
10 0 0 2 -0.0968014 -0.37079 
10 0 6.5 3 -0.100153 -0.0929371 
10 10 0 4 0.293134 -0.431583 
10 10 6.5 5 0.261509 -0.0418319 
0 10 0 6 -0.231795 -0.632042 
0 10 6.5 7 -0.224037 0.035966 
0 5 10 8 -0.409116 0.205875 
10 5 10 9 0.0448066 0.0880511 
0 6 0 10 -0.411858 -0.540547 
0 8 0 11 -0.33322 -0.580505 
0 8 5 12 -0.319697 -0.11828 
0 6 5 13 -0.394116 -0.129389 
0 2 2.5 14 -0.514812 -0.309098 
0 4 2.5 15 -0.464208 -0.317327 
0 4 5 16 -0.454478 -0.138399 
0 2 5 17 -0.504422 -0.145854 
0.5 0.5 -0.5 18 -0.527136 -0.492309 
0.5 0.5 6 19 -0.501684 -0.0931225 
10.5 0.5 -0.5 20 -0.0661465 -0.392356 
10.5 0.5 6 21 -0.0710438 -0.112437 
10.5 10.5 -0.5 22 0.338689 -0.462499 
10.5 10.5 6 23 0.303741 -0.0686753 
0.5 10.5 -0.5 24 -0.157092 -0.687897 
0.5 10.5 6 25 -0.157893 -0.00796762 
0.5 5.5 9.5 26 -0.362471 0.175171 
10.5 5.5 9.5 27 0.078213 0.0667861 
0.5 6.5 -0.5 28 -0.355349 -0.583108 
0.5 8.5 -0.5 29 -0.268866 -0.628818 
0.5 8.5 4.5 30 -0.260425 -0.159268 
0.5 6.5 4.5 31 -0.341561 -0.166147 
0.5 2.5 2 32 -0.470728 -0.341429 
0.5 4.5 2 33 -0.415479 -0.352884 
0.5 4.5 4.5 34 -0.407279 -0.171719 
0.5 2.5 4.5 35 -0.461594 -0.176324 
