0 0 0 0 -0.42042 -0.419092 
0 0 6.5 1 -0.437333 -0.0910891 
10 0 0 2 0.00909766 -0.31967 
10 0 6.5 3 -0.0138971 -0.0601309 
10 10 0 4 0.323224 -0.411893 
10 10 6.5 5 0.278294 -0.0193758 
0 10 0 6 -0.28677 -0.628432 
0 10 6.5 7 -0.322197 -0.0548425 
0 5 10 8 -0.406749 0.135079 
10 5 10 9 0.0869793 0.117645 
0 6 0 10 -0.358816 -0.515584 
0 8 0 11 -0.327515 -0.564612 
0 8 5 12 -0.350256 -0.177137 
0 6 5 13 -0.378099 -0.173131 
0 2 2.5 14 -0.41118 -0.304619 
0 4 2.5 15 -0.392071 -0.321333 
0 4 5 16 -0.400308 -0.169936 
0 2 5 17 -0.418436 -0.167327 
0.5 0.5 -0.5 18 -0.387857 -0.44502 
0.5 0.5 6 19 -0.405859 -0.112852 
10.5 0.5 -0.5 20 0.0385432 -0.339346 
10.5 0.5 6 21 0.0146999 -0.0772021 
10.5 10.5 -0.5 22 0.372203 -0.44309 
10.5 10.5 6 23 0.325062 -0.0445871 
0.5 10.5 -0.5 24 -0.226628 -0.678283 
0.5 10.5 6 25 -0.265614 -0.0918646 
0.5 5.5 9.5 26 -0.367197 0.110956 
10.5 5.5 9.5 27 0.121867 0.099173 
0.5 6.5 -0.5 28 -0.313868 -0.552066 
0.5 8.5 -0.5 29 -0.27606 -0.606765 
0.5 8.5 4.5 30 -0.300856 -0.211709 
0.5 6.5 4.5 31 -0.334733 -0.203699 
0.5 2.5 2 32 -0.375837 -0.331338 
0.5 4.5 2 33 -0.352813 -0.351042 
0.5 4.5 4.5 34 -0.361668 -0.197331 
0.5 2.5 4.5 35 -0.383596 -0.192147 
