0 0 0 0 0.345404 -0.642483 
0 0 6.5 1 0.341079 -0.14837 
10 0 0 2 -0.374299 -0.573682 
10 0 6.5 3 -0.326244 -0.117529 
10 10 0 4 -0.182446 -0.413468 
10 10 6.5 5 -0.161551 -0.141603 
0 10 0 6 0.240243 -0.44591 
0 10 6.5 7 0.242523 -0.160978 
0 5 10 8 0.279601 0.0215418 
10 5 10 9 -0.20929 0.0359161 
0 6 0 10 0.269399 -0.500411 
0 8 0 11 0.253468 -0.470631 
0 8 5 12 0.254882 -0.228373 
0 6 5 13 0.270268 -0.233158 
0 2 2.5 14 0.312898 -0.409969 
0 4 2.5 15 0.288977 -0.384349 
0 4 5 16 0.288993 -0.238981 
0 2 5 17 0.312277 -0.246222 
0.5 0.5 -0.5 18 0.299428 -0.662223 
0.5 0.5 6 19 0.298693 -0.181781 
10.5 0.5 -0.5 20 -0.394864 -0.594168 
10.5 0.5 6 21 -0.346742 -0.149658 
10.5 10.5 -0.5 22 -0.198365 -0.428753 
10.5 10.5 6 23 -0.177148 -0.161046 
0.5 10.5 -0.5 24 0.215446 -0.461235 
0.5 10.5 6 25 0.218806 -0.180875 
0.5 5.5 9.5 26 0.250047 -0.00664227 
10.5 5.5 9.5 27 -0.227006 0.00878291 
0.5 6.5 -0.5 28 0.23897 -0.517533 
0.5 8.5 -0.5 29 0.226139 -0.486827 
0.5 8.5 4.5 30 0.22857 -0.248868 
0.5 6.5 4.5 31 0.241095 -0.255508 
0.5 2.5 2 32 0.274653 -0.433353 
0.5 4.5 2 33 0.255479 -0.405844 
0.5 4.5 4.5 34 0.256272 -0.263554 
0.5 2.5 4.5 35 0.275042 -0.273504 
