0 0 0 0 -0.438346 -0.431024 
0 0 6.5 1 -0.450976 -0.0948932 
10 0 0 2 -0.00318944 -0.330808 
10 0 6.5 3 -0.0247321 -0.0688929 
10 10 0 4 0.320951 -0.417444 
10 10 6.5 5 0.276051 -0.0243966 
0 10 0 6 -0.284356 -0.63617 
0 10 6.5 7 -0.314934 -0.0483311 
0 5 10 8 -0.41008 0.137749 
10 5 10 9 0.0808672 0.110098 
0 6 0 10 -0.367435 -0.525492 
0 8 0 11 -0.33136 -0.573551 
0 8 5 12 -0.35033 -0.175614 
0 6 5 13 -0.383011 -0.17388 
0 2 2.5 14 -0.424869 -0.311896 
0 4 2.5 15 -0.402652 -0.327446 
0 4 5 16 -0.409099 -0.172496 
0 2 5 17 -0.430407 -0.171366 
0.5 0.5 -0.5 18 -0.404767 -0.457481 
0.5 0.5 6 19 -0.418673 -0.117083 
10.5 0.5 -0.5 20 0.0265005 -0.350624 
10.5 0.5 6 21 0.00399091 -0.0861185 
10.5 10.5 -0.5 22 0.36986 -0.448502 
10.5 10.5 6 23 0.322471 -0.049597 
0.5 10.5 -0.5 24 -0.222055 -0.686797 
0.5 10.5 6 25 -0.256838 -0.0858216 
0.5 5.5 9.5 26 -0.369601 0.11317 
10.5 5.5 9.5 27 0.115664 0.0914721 
0.5 6.5 -0.5 28 -0.320987 -0.562631 
0.5 8.5 -0.5 29 -0.278132 -0.616417 
0.5 8.5 4.5 30 -0.299527 -0.210688 
0.5 6.5 4.5 31 -0.338426 -0.204943 
0.5 2.5 2 32 -0.388478 -0.339119 
0.5 4.5 2 33 -0.362211 -0.357685 
0.5 4.5 4.5 34 -0.369382 -0.200372 
0.5 2.5 4.5 35 -0.394604 -0.196647 
