0 0 0 0 0.392628 -0.664285 
0 0 6.5 1 0.356537 -0.129685 
10 0 0 2 -0.329077 -0.583048 
10 0 6.5 3 -0.301449 -0.139427 
10 10 0 4 -0.0939573 -0.434743 
10 10 6.5 5 -0.0884676 -0.163165 
0 10 0 6 0.340329 -0.463196 
0 10 6.5 7 0.322038 -0.160054 
0 5 10 8 0.323069 0.0376796 
10 5 10 9 -0.164718 0.010641 
0 6 0 10 0.354614 -0.518121 
0 8 0 11 0.346788 -0.488033 
0 8 5 12 0.330928 -0.22909 
0 6 5 13 0.336753 -0.231661 
0 2 2.5 14 0.364267 -0.41444 
0 4 2.5 15 0.353776 -0.390245 
0 4 5 16 0.343876 -0.234804 
0 2 5 17 0.352783 -0.238734 
0.5 0.5 -0.5 18 0.349265 -0.686112 
0.5 0.5 6 19 0.318455 -0.1686 
10.5 0.5 -0.5 20 -0.341558 -0.603914 
10.5 0.5 6 21 -0.313793 -0.172086 
10.5 10.5 -0.5 22 -0.106423 -0.450626 
10.5 10.5 6 23 -0.10042 -0.183487 
0.5 10.5 -0.5 24 0.31664 -0.480252 
0.5 10.5 6 25 0.300041 -0.182637 
0.5 5.5 9.5 26 0.296478 0.00531558 
10.5 5.5 9.5 27 -0.177129 -0.0173734 
0.5 6.5 -0.5 28 0.325663 -0.537191 
0.5 8.5 -0.5 29 0.320731 -0.506066 
0.5 8.5 4.5 30 0.306458 -0.252373 
0.5 6.5 4.5 31 0.309745 -0.257149 
0.5 2.5 2 32 0.328697 -0.441094 
0.5 4.5 2 33 0.322473 -0.414645 
0.5 4.5 4.5 34 0.313744 -0.262958 
0.5 2.5 4.5 35 0.318712 -0.270176 
