0 0 0 0 0.22463 -0.392771 
0 0 6.5 1 0.203707 -0.0859379 
10 0 0 2 0.709081 -0.532736 
10 0 6.5 3 0.629089 -0.0044 
10 10 0 4 -0.0806504 -0.722159 
10 10 6.5 5 -0.0902865 0.0420545 
0 10 0 6 -0.259008 -0.452536 
0 10 6.5 7 -0.252101 -0.0788459 
0 5 10 8 -0.00778724 0.08244 
10 5 10 9 0.302728 0.298516 
0 6 0 10 -0.0421271 -0.425735 
0 8 0 11 -0.146006 -0.438572 
0 8 5 12 -0.146454 -0.159007 
0 6 5 13 -0.0475329 -0.157529 
0 2 2.5 14 0.13559 -0.276093 
0 4 2.5 15 0.0487655 -0.281985 
0 4 5 16 0.0440666 -0.15616 
0 2 5 17 0.129128 -0.154888 
0.5 0.5 -0.5 18 0.220199 -0.425338 
0.5 0.5 6 19 0.198815 -0.106186 
10.5 0.5 -0.5 20 0.732609 -0.600381 
10.5 0.5 6 21 0.645621 -0.0344356 
10.5 10.5 -0.5 22 -0.122492 -0.842458 
10.5 10.5 6 23 -0.127059 0.00290028 
0.5 10.5 -0.5 24 -0.285954 -0.495228 
0.5 10.5 6 25 -0.276898 -0.103122 
0.5 5.5 9.5 26 -0.0206263 0.067053 
10.5 5.5 9.5 27 0.299839 0.284903 
0.5 6.5 -0.5 28 -0.0579783 -0.463749 
0.5 8.5 -0.5 29 -0.166968 -0.478799 
0.5 8.5 4.5 30 -0.166348 -0.185882 
0.5 6.5 4.5 31 -0.0628048 -0.183273 
0.5 2.5 2 32 0.12783 -0.304845 
0.5 4.5 2 33 0.0373909 -0.312093 
0.5 4.5 4.5 34 0.0327892 -0.180865 
0.5 2.5 4.5 35 0.121316 -0.178635 
