0 0 0 0 0.348896 -0.652005 
0 0 6.5 1 0.342458 -0.15393 
10 0 0 2 -0.372389 -0.581486 
10 0 6.5 3 -0.325276 -0.125064 
10 10 0 4 -0.17705 -0.419795 
10 10 6.5 5 -0.157 -0.147558 
0 10 0 6 0.24669 -0.452317 
0 10 6.5 7 0.247687 -0.165767 
0 5 10 8 0.282543 0.0172464 
10 5 10 9 -0.206632 0.0292925 
0 6 0 10 0.274981 -0.507592 
0 8 0 11 0.259519 -0.477381 
0 8 5 12 0.259851 -0.233612 
0 6 5 13 0.274667 -0.238569 
0 2 2.5 14 0.316486 -0.417011 
0 4 2.5 15 0.293329 -0.390918 
0 4 5 16 0.292709 -0.244606 
0 2 5 17 0.315157 -0.252118 
0.5 0.5 -0.5 18 0.30297 -0.67172 
0.5 0.5 6 19 0.300265 -0.187564 
10.5 0.5 -0.5 20 -0.392435 -0.601878 
10.5 0.5 6 21 -0.345246 -0.157137 
10.5 10.5 -0.5 22 -0.192756 -0.435081 
10.5 10.5 6 23 -0.172368 -0.167021 
0.5 10.5 -0.5 24 0.221938 -0.467705 
0.5 10.5 6 25 0.224063 -0.185787 
0.5 5.5 9.5 26 0.253149 -0.0111295 
10.5 5.5 9.5 27 -0.224009 0.00215806 
0.5 6.5 -0.5 28 0.244603 -0.524768 
0.5 8.5 -0.5 29 0.232238 -0.493637 
0.5 8.5 4.5 30 0.233631 -0.254229 
0.5 6.5 4.5 31 0.245599 -0.261053 
0.5 2.5 2 32 0.27834 -0.440495 
0.5 4.5 2 33 0.25992 -0.412514 
0.5 4.5 4.5 34 0.260107 -0.269326 
0.5 2.5 4.5 35 0.278061 -0.279564 
