0 0 0 0 -0.512842 -0.445265 
0 0 6.5 1 -0.503887 -0.0770933 
10 0 0 2 -0.056154 -0.352019 
10 0 6.5 3 -0.0686842 -0.0814385 
10 10 0 4 0.305569 -0.415437 
10 10 6.5 5 0.265876 -0.0244894 
0 10 0 6 -0.264082 -0.618527 
0 10 6.5 7 -0.272597 0.0153932 
0 5 10 8 -0.415172 0.181978 
10 5 10 9 0.0579676 0.101418 
0 6 0 10 -0.397961 -0.52528 
0 8 0 11 -0.339733 -0.565836 
0 8 5 12 -0.340671 -0.131401 
0 6 5 13 -0.395404 -0.140321 
0 2 2.5 14 -0.478586 -0.306322 
0 4 2.5 15 -0.441732 -0.315633 
0 4 5 16 -0.439428 -0.147495 
0 2 5 17 -0.475606 -0.15339 
0.5 0.5 -0.5 18 -0.475065 -0.474115 
0.5 0.5 6 19 -0.46819 -0.101534 
10.5 0.5 -0.5 20 -0.0257995 -0.372617 
10.5 0.5 6 21 -0.0396836 -0.0996502 
10.5 10.5 -0.5 22 0.353047 -0.446098 
10.5 10.5 6 23 0.310155 -0.0501514 
0.5 10.5 -0.5 24 -0.194161 -0.671691 
0.5 10.5 6 25 -0.209484 -0.0246368 
0.5 5.5 9.5 26 -0.371211 0.154788 
10.5 5.5 9.5 27 0.0920618 0.0816932 
0.5 6.5 -0.5 28 -0.345757 -0.565064 
0.5 8.5 -0.5 29 -0.279943 -0.611355 
0.5 8.5 4.5 30 -0.284844 -0.16897 
0.5 6.5 4.5 31 -0.346248 -0.173865 
0.5 2.5 2 32 -0.437974 -0.335931 
0.5 4.5 2 33 -0.396655 -0.348333 
0.5 4.5 4.5 34 -0.395526 -0.177792 
0.5 2.5 4.5 35 -0.435949 -0.181014 
