0 0 0 0 0.269351 -0.18882 
0 0 6.5 1 0.248826 0.163205 
10 0 0 2 0.00176144 -0.481746 
10 0 6.5 3 -0.0568562 0.170609 
10 10 0 4 -0.569282 -0.333898 
10 10 6.5 5 -0.634151 0.0966199 
0 10 0 6 -0.152423 -0.157075 
0 10 6.5 7 -0.180859 0.118389 
0 5 10 8 -0.00720555 0.313081 
10 5 10 9 -0.44544 0.430282 
0 6 0 10 -0.0073843 -0.167991 
0 8 0 11 -0.0831435 -0.162289 
0 8 5 12 -0.104232 0.0576768 
0 6 5 13 -0.0276141 0.0623754 
0 2 2.5 14 0.158906 -0.0556594 
0 4 2.5 15 0.0663851 -0.0548995 
0 4 5 16 0.056717 0.0675471 
0 2 5 17 0.149988 0.0732669 
0.5 0.5 -0.5 18 0.236606 -0.221016 
0.5 0.5 6 19 0.214694 0.13221 
10.5 0.5 -0.5 20 -0.0625277 -0.545325 
10.5 0.5 6 21 -0.126633 0.11103 
10.5 10.5 -0.5 22 -0.616537 -0.374795 
10.5 10.5 6 23 -0.6842 0.0574796 
0.5 10.5 -0.5 24 -0.180328 -0.182184 
0.5 10.5 6 25 -0.209743 0.0940141 
0.5 5.5 9.5 26 -0.0392102 0.286369 
10.5 5.5 9.5 27 -0.506155 0.384801 
0.5 6.5 -0.5 28 -0.0370871 -0.195525 
0.5 8.5 -0.5 29 -0.111925 -0.188555 
0.5 8.5 4.5 30 -0.133812 0.0320156 
0.5 6.5 4.5 31 -0.0581723 0.0355047 
0.5 2.5 2 32 0.126736 -0.0857472 
0.5 4.5 2 33 0.0352623 -0.0834787 
0.5 4.5 4.5 34 0.025129 0.0393473 
0.5 2.5 4.5 35 0.117318 0.0435998 
