0 0 0 0 -0.0328987 -0.0535243 
0 0 6.5 1 -0.0122716 0.198117 
10 0 0 2 0.371831 -0.11696 
10 0 6.5 3 0.409191 0.178879 
10 10 0 4 0.322358 -0.246996 
10 10 6.5 5 0.384526 0.259844 
0 10 0 6 -0.288047 -0.11933 
0 10 6.5 7 -0.266633 0.270247 
0 5 10 8 -0.0993076 0.399436 
10 5 10 9 0.426923 0.422466 
0 6 0 10 -0.158937 -0.0860311 
0 8 0 11 -0.217236 -0.101067 
0 8 5 12 -0.200503 0.166657 
0 6 5 13 -0.14219 0.157813 
0 2 2.5 14 -0.060599 0.0395947 
0 4 2.5 15 -0.101936 0.0371695 
0 4 5 16 -0.0935722 0.150439 
0 2 5 17 -0.0524175 0.144198 
0.5 0.5 -0.5 18 -0.0253952 -0.0777633 
0.5 0.5 6 19 -0.00406159 0.179293 
10.5 0.5 -0.5 20 0.391974 -0.1474 
10.5 0.5 6 21 0.431071 0.155945 
10.5 10.5 -0.5 22 0.354871 -0.306006 
10.5 10.5 6 23 0.422112 0.223261 
0.5 10.5 -0.5 24 -0.285714 -0.159461 
0.5 10.5 6 25 -0.26338 0.243252 
0.5 5.5 9.5 26 -0.0916901 0.382023 
10.5 5.5 9.5 27 0.456232 0.401613 
0.5 6.5 -0.5 28 -0.153161 -0.117861 
0.5 8.5 -0.5 29 -0.212802 -0.136579 
0.5 8.5 4.5 30 -0.19537 0.139171 
0.5 6.5 4.5 31 -0.135742 0.132624 
0.5 2.5 2 32 -0.0531366 0.015582 
0.5 4.5 2 33 -0.0949925 0.011062 
0.5 4.5 4.5 34 -0.0863074 0.127196 
0.5 2.5 4.5 35 -0.0446579 0.122623 
