0 0 0 0 0.286057 -0.263063 
0 0 6.5 1 0.252746 0.0851984 
10 0 0 2 0.168676 -0.580446 
10 0 6.5 3 0.100588 0.113407 
10 10 0 4 -0.582821 -0.47875 
10 10 6.5 5 -0.637349 0.014438 
0 10 0 6 -0.174306 -0.257038 
0 10 6.5 7 -0.204189 0.0321645 
0 5 10 8 -0.0140265 0.227761 
10 5 10 9 -0.364269 0.370616 
0 6 0 10 -0.0101678 -0.259186 
0 8 0 11 -0.095105 -0.258074 
0 8 5 12 -0.118568 -0.0280664 
0 6 5 13 -0.0341454 -0.0208193 
0 2 2.5 14 0.16711 -0.13342 
0 4 2.5 15 0.0689256 -0.136958 
0 4 5 16 0.0566479 -0.0130253 
0 2 5 17 0.154562 -0.0046201 
0.5 0.5 -0.5 18 0.257556 -0.2978 
0.5 0.5 6 19 0.223591 0.0553346 
10.5 0.5 -0.5 20 0.107653 -0.659926 
10.5 0.5 6 21 0.0368145 0.0535401 
10.5 10.5 -0.5 22 -0.641443 -0.532761 
10.5 10.5 6 23 -0.697603 -0.0297442 
0.5 10.5 -0.5 24 -0.20347 -0.285766 
0.5 10.5 6 25 -0.233856 0.00678828 
0.5 5.5 9.5 26 -0.0440547 0.202513 
10.5 5.5 9.5 27 -0.428669 0.327233 
0.5 6.5 -0.5 28 -0.0393541 -0.29005 
0.5 8.5 -0.5 29 -0.124316 -0.287832 
0.5 8.5 4.5 30 -0.148185 -0.0550669 
0.5 6.5 4.5 31 -0.06376 -0.0487204 
0.5 2.5 2 32 0.138018 -0.165046 
0.5 4.5 2 33 0.039626 -0.167424 
0.5 4.5 4.5 34 0.0271218 -0.0418885 
0.5 2.5 4.5 35 0.125231 -0.0345134 
