0 0 0 0 0.37645 -0.68752 
0 0 6.5 1 0.352677 -0.163452 
10 0 0 2 -0.350536 -0.606552 
10 0 6.5 3 -0.313337 -0.153447 
10 10 0 4 -0.130585 -0.445155 
10 10 6.5 5 -0.118392 -0.171805 
0 10 0 6 0.300336 -0.476895 
0 10 6.5 7 0.290406 -0.179223 
0 5 10 8 0.306549 0.0105686 
10 5 10 9 -0.183235 0.00210359 
0 6 0 10 0.321196 -0.534619 
0 8 0 11 0.309775 -0.503016 
0 8 5 12 0.30091 -0.248957 
0 6 5 13 0.310874 -0.25365 
0 2 2.5 14 0.345452 -0.439016 
0 4 2.5 15 0.328994 -0.412007 
0 4 5 16 0.323044 -0.259383 
0 2 5 17 0.338246 -0.266542 
0.5 0.5 -0.5 18 0.331501 -0.707823 
0.5 0.5 6 19 0.312484 -0.199603 
10.5 0.5 -0.5 20 -0.366316 -0.626827 
10.5 0.5 6 21 -0.328997 -0.185577 
10.5 10.5 -0.5 22 -0.144497 -0.460659 
10.5 10.5 6 23 -0.131853 -0.191641 
0.5 10.5 -0.5 24 0.276084 -0.493052 
0.5 10.5 6 25 0.26763 -0.200518 
0.5 5.5 9.5 26 0.278624 -0.0197887 
10.5 5.5 9.5 27 -0.197821 -0.0253564 
0.5 6.5 -0.5 28 0.29145 -0.552604 
0.5 8.5 -0.5 29 0.283054 -0.520065 
0.5 8.5 4.5 30 0.275577 -0.270878 
0.5 6.5 4.5 31 0.282835 -0.277589 
0.5 2.5 2 32 0.308474 -0.463894 
0.5 4.5 2 33 0.296567 -0.434879 
0.5 4.5 4.5 34 0.291656 -0.285747 
0.5 2.5 4.5 35 0.302609 -0.295874 
