0 0 0 0 0.192318 -0.392823 
0 0 6.5 1 0.181393 -0.0934276 
10 0 0 2 0.681913 -0.51857 
10 0 6.5 3 0.620299 -0.0274438 
10 10 0 4 0.00962135 -0.692905 
10 10 6.5 5 0.00806978 0.0558338 
0 10 0 6 -0.272378 -0.44468 
0 10 6.5 7 -0.253344 -0.0660308 
0 5 10 8 -0.0112959 0.0820362 
10 5 10 9 0.352643 0.275629 
0 6 0 10 -0.0591732 -0.420888 
0 8 0 11 -0.160283 -0.432171 
0 8 5 12 -0.151996 -0.151204 
0 6 5 13 -0.0563205 -0.153566 
0 2 2.5 14 0.113212 -0.276667 
0 4 2.5 15 0.0316457 -0.280073 
0 4 5 16 0.0308423 -0.155717 
0 2 5 17 0.11058 -0.157685 
0.5 0.5 -0.5 18 0.189568 -0.424149 
0.5 0.5 6 19 0.178427 -0.112649 
10.5 0.5 -0.5 20 0.707638 -0.579739 
10.5 0.5 6 21 0.640114 -0.0551902 
10.5 10.5 -0.5 22 -0.0161189 -0.808495 
10.5 10.5 6 23 -0.014085 0.0208194 
0.5 10.5 -0.5 24 -0.297674 -0.487343 
0.5 10.5 6 25 -0.275956 -0.0891281 
0.5 5.5 9.5 26 -0.0216338 0.0678023 
10.5 5.5 9.5 27 0.358062 0.263464 
0.5 6.5 -0.5 28 -0.0729207 -0.458193 
0.5 8.5 -0.5 29 -0.17925 -0.471984 
0.5 8.5 4.5 30 -0.169581 -0.177073 
0.5 6.5 4.5 31 -0.0692404 -0.178276 
0.5 2.5 2 32 0.107459 -0.304325 
0.5 4.5 2 33 0.0224395 -0.309174 
0.5 4.5 4.5 34 0.0218335 -0.179368 
0.5 2.5 4.5 35 0.104867 -0.180364 
