0 0 0 0 -0.403257 -0.401899 
0 0 6.5 1 -0.423921 -0.081947 
10 0 0 2 0.0207301 -0.304622 
10 0 6.5 3 -0.00335619 -0.0474856 
10 10 0 4 0.32449 -0.401154 
10 10 6.5 5 0.28006 -0.00957723 
0 10 0 6 -0.288921 -0.612065 
0 10 6.5 7 -0.328724 -0.0534913 
0 5 10 8 -0.403022 0.138554 
10 5 10 9 0.0929941 0.129429 
0 6 0 10 -0.350474 -0.498922 
0 8 0 11 -0.323708 -0.548121 
0 8 5 12 -0.349794 -0.171413 
0 6 5 13 -0.373025 -0.165773 
0 2 2.5 14 -0.397892 -0.291655 
0 4 2.5 15 -0.381727 -0.309079 
0 4 5 16 -0.391548 -0.161276 
0 2 5 17 -0.406663 -0.157607 
0.5 0.5 -0.5 18 -0.3717 -0.427301 
0.5 0.5 6 19 -0.393276 -0.103304 
10.5 0.5 -0.5 20 0.0499002 -0.324169 
10.5 0.5 6 21 0.0250902 -0.0644228 
10.5 10.5 -0.5 22 0.373419 -0.432469 
10.5 10.5 6 23 0.32709 -0.0348112 
0.5 10.5 -0.5 24 -0.231005 -0.661011 
0.5 10.5 6 25 -0.273745 -0.0900105 
0.5 5.5 9.5 26 -0.364423 0.114863 
10.5 5.5 9.5 27 0.127935 0.111088 
0.5 6.5 -0.5 28 -0.307042 -0.534705 
0.5 8.5 -0.5 29 -0.274063 -0.589488 
0.5 8.5 4.5 30 -0.301847 -0.205456 
0.5 6.5 4.5 31 -0.330905 -0.195839 
0.5 2.5 2 32 -0.363598 -0.317874 
0.5 4.5 2 33 -0.34366 -0.33825 
0.5 4.5 4.5 34 -0.353996 -0.188197 
0.5 2.5 4.5 35 -0.372789 -0.181977 
