0 0 0 0 -0.490789 -0.33776 
0 0 6.5 1 -0.473882 0.295061 
10 0 0 2 -0.25291 -0.117664 
10 0 6.5 3 -0.235573 0.204461 
10 10 0 4 0.233276 -0.156359 
10 10 6.5 5 0.26872 0.162625 
0 10 0 6 0.452518 -0.410493 
0 10 6.5 7 0.540064 0.210199 
0 5 10 8 0.0675207 0.630705 
10 5 10 9 0.0323113 0.366262 
0 6 0 10 0.077423 -0.381571 
0 8 0 11 0.265339 -0.39606 
0 8 5 12 0.321025 0.0750589 
0 6 5 13 0.122514 0.091354 
0 2 2.5 14 -0.289146 -0.120766 
0 4 2.5 15 -0.0945074 -0.136245 
0 4 5 16 -0.0768253 0.107717 
0 2 5 17 -0.276997 0.124149 
0.5 0.5 -0.5 18 -0.424746 -0.363888 
0.5 0.5 6 19 -0.404013 0.232825 
10.5 0.5 -0.5 20 -0.224424 -0.137294 
10.5 0.5 6 21 -0.206524 0.175229 
10.5 10.5 -0.5 22 0.24875 -0.174867 
10.5 10.5 6 23 0.283784 0.134691 
0.5 10.5 -0.5 24 0.47078 -0.432741 
0.5 10.5 6 25 0.554934 0.153129 
0.5 5.5 9.5 26 0.109514 0.547518 
10.5 5.5 9.5 27 0.0543505 0.331981 
0.5 6.5 -0.5 28 0.114578 -0.405355 
0.5 8.5 -0.5 29 0.293011 -0.419074 
0.5 8.5 4.5 30 0.347249 0.0259339 
0.5 6.5 4.5 31 0.15929 0.0412702 
0.5 2.5 2 32 -0.231914 -0.158754 
0.5 4.5 2 33 -0.0474297 -0.173361 
0.5 4.5 4.5 34 -0.0294115 0.0566672 
0.5 2.5 4.5 35 -0.218859 0.072125 
