0 0 0 0 0.291649 -0.278433 
0 0 6.5 1 0.253243 0.0676222 
10 0 0 2 0.300149 -0.545553 
10 0 6.5 3 0.221884 0.167073 
10 10 0 4 -0.589624 -0.511975 
10 10 6.5 5 -0.623505 0.040571 
0 10 0 6 -0.194977 -0.293728 
0 10 6.5 7 -0.220439 0.00965945 
0 5 10 8 -0.0156056 0.206066 
10 5 10 9 -0.280121 0.413804 
0 6 0 10 -0.0158442 -0.288098 
0 8 0 11 -0.107729 -0.290986 
0 8 5 12 -0.129055 -0.0507547 
0 6 5 13 -0.0389843 -0.0416096 
0 2 2.5 14 0.169653 -0.150875 
0 4 2.5 15 0.0684076 -0.157618 
0 4 5 16 0.0559351 -0.0319723 
0 2 5 17 0.156105 -0.0218018 
0.5 0.5 -0.5 18 0.266516 -0.313607 
0.5 0.5 6 19 0.227828 0.0401118 
10.5 0.5 -0.5 20 0.247298 -0.631662 
10.5 0.5 6 21 0.167909 0.114219 
10.5 10.5 -0.5 22 -0.659427 -0.576493 
10.5 10.5 6 23 -0.692217 -0.00417216 
0.5 10.5 -0.5 24 -0.225602 -0.324659 
0.5 10.5 6 25 -0.250988 -0.0153992 
0.5 5.5 9.5 26 -0.0440821 0.183235 
10.5 5.5 9.5 27 -0.344089 0.377484 
0.5 6.5 -0.5 28 -0.0447434 -0.320597 
0.5 8.5 -0.5 29 -0.137556 -0.322682 
0.5 8.5 4.5 30 -0.158865 -0.0776628 
0.5 6.5 4.5 31 -0.0679124 -0.0690658 
0.5 2.5 2 32 0.143002 -0.18226 
0.5 4.5 2 33 0.0405417 -0.188267 
0.5 4.5 4.5 34 0.0280298 -0.0599971 
0.5 2.5 4.5 35 0.129384 -0.0504169 
