0 0 0 0 0.27499 -0.392914 
0 0 6.5 1 0.240285 -0.0730559 
10 0 0 2 0.70642 -0.630874 
10 0 6.5 3 0.61263 -0.0198996 
10 10 0 4 -0.271572 -0.839771 
10 10 6.5 5 -0.304826 -0.083544 
0 10 0 6 -0.229744 -0.465369 
0 10 6.5 7 -0.247726 -0.109719 
0 5 10 8 -0.00561668 0.0804146 
10 5 10 9 0.163826 0.275288 
0 6 0 10 -0.0154093 -0.434601 
0 8 0 11 -0.120329 -0.449662 
0 8 5 12 -0.137353 -0.179617 
0 6 5 13 -0.0352387 -0.170388 
0 2 2.5 14 0.16945 -0.277774 
0 4 2.5 15 0.0739197 -0.288904 
0 4 5 16 0.0628862 -0.161519 
0 2 5 17 0.157251 -0.15299 
0.5 0.5 -0.5 18 0.265899 -0.429058 
0.5 0.5 6 19 0.230441 -0.0977517 
10.5 0.5 -0.5 20 0.716429 -0.717977 
10.5 0.5 6 21 0.616264 -0.0639016 
10.5 10.5 -0.5 22 -0.338318 -0.965305 
10.5 10.5 6 23 -0.368151 -0.142157 
0.5 10.5 -0.5 24 -0.258223 -0.508164 
0.5 10.5 6 25 -0.275648 -0.138321 
0.5 5.5 9.5 26 -0.023721 0.0599914 
10.5 5.5 9.5 27 0.139082 0.247612 
0.5 6.5 -0.5 28 -0.0352051 -0.474504 
0.5 8.5 -0.5 29 -0.144292 -0.490968 
0.5 8.5 4.5 30 -0.161146 -0.210301 
0.5 6.5 4.5 31 -0.0550911 -0.200128 
0.5 2.5 2 32 0.156837 -0.310306 
0.5 4.5 2 33 0.0578373 -0.322477 
0.5 4.5 4.5 34 0.0466828 -0.190365 
0.5 2.5 4.5 35 0.14443 -0.180989 
