0 0 0 0 0.253134 -0.40432 
0 0 6.5 1 0.223932 -0.0894427 
10 0 0 2 0.723685 -0.589271 
10 0 6.5 3 0.631312 -0.0170892 
10 10 0 4 -0.173506 -0.805819 
10 10 6.5 5 -0.192707 -0.0281187 
0 10 0 6 -0.244958 -0.474741 
0 10 6.5 7 -0.250459 -0.106319 
0 5 10 8 -0.00550079 0.0711661 
10 5 10 9 0.244419 0.282059 
0 6 0 10 -0.0270265 -0.443929 
0 8 0 11 -0.132474 -0.458838 
0 8 5 12 -0.141456 -0.181228 
0 6 5 13 -0.0401287 -0.175262 
0 2 2.5 14 0.15509 -0.288016 
0 4 2.5 15 0.0634906 -0.2971 
0 4 5 16 0.0553011 -0.169643 
0 2 5 17 0.145333 -0.164341 
0.5 0.5 -0.5 18 0.246729 -0.439015 
0.5 0.5 6 19 0.216878 -0.11188 
10.5 0.5 -0.5 20 0.742863 -0.66732 
10.5 0.5 6 21 0.643145 -0.0533852 
10.5 10.5 -0.5 22 -0.229829 -0.934309 
10.5 10.5 6 23 -0.24364 -0.0777085 
0.5 10.5 -0.5 24 -0.273008 -0.518365 
0.5 10.5 6 25 -0.277068 -0.133078 
0.5 5.5 9.5 26 -0.0208636 0.0533174 
10.5 5.5 9.5 27 0.231897 0.262304 
0.5 6.5 -0.5 28 -0.0448544 -0.483532 
0.5 8.5 -0.5 29 -0.155101 -0.500364 
0.5 8.5 4.5 30 -0.163418 -0.210338 
0.5 6.5 4.5 31 -0.0576704 -0.203246 
0.5 2.5 2 32 0.145151 -0.318906 
0.5 4.5 2 33 0.0498995 -0.329273 
0.5 4.5 4.5 34 0.0417016 -0.196583 
0.5 2.5 4.5 35 0.135258 -0.190309 
