0 0 0 0 0.0162031 -0.174934 
0 0 6.5 1 0.0416902 0.0787366 
10 0 0 2 0.436475 -0.265512 
10 0 6.5 3 0.469577 0.0569978 
10 10 0 4 0.28545 -0.413295 
10 10 6.5 5 0.34198 0.141167 
0 10 0 6 -0.292664 -0.231326 
0 10 6.5 7 -0.255256 0.146747 
0 5 10 8 -0.0611612 0.269916 
10 5 10 9 0.445229 0.308223 
0 6 0 10 -0.138752 -0.203226 
0 8 0 11 -0.208841 -0.216022 
0 8 5 12 -0.182537 0.0487204 
0 6 5 13 -0.11452 0.0398169 
0 2 2.5 14 -0.0177155 -0.0786863 
0 4 2.5 15 -0.0680529 -0.0801154 
0 4 5 16 -0.056815 0.0322634 
0 2 5 17 -0.00724293 0.0257743 
0.5 0.5 -0.5 18 0.0205228 -0.200569 
0.5 0.5 6 19 0.0467243 0.0601213 
10.5 0.5 -0.5 20 0.456961 -0.301578 
10.5 0.5 6 21 0.491278 0.0323648 
10.5 10.5 -0.5 22 0.312104 -0.486171 
10.5 10.5 6 23 0.37227 0.102966 
0.5 10.5 -0.5 24 -0.299095 -0.272412 
0.5 10.5 6 25 -0.260127 0.121469 
0.5 5.5 9.5 26 -0.0585419 0.253894 
10.5 5.5 9.5 27 0.471861 0.288179 
0.5 6.5 -0.5 28 -0.138731 -0.236366 
0.5 8.5 -0.5 29 -0.211486 -0.25272 
0.5 8.5 4.5 30 -0.184182 0.0220618 
0.5 6.5 4.5 31 -0.113653 0.0151108 
0.5 2.5 2 32 -0.0140908 -0.103327 
0.5 4.5 2 33 -0.0657621 -0.106728 
0.5 4.5 4.5 34 -0.0541616 0.00924748 
0.5 2.5 4.5 35 -0.00330406 0.00423516 
